# Additionally Excluded Points with new TGQ maps BINO
42611323
178787953
498322969
220966408
108310892
408921801
190929415
95591769
377894859
327961218
59847871
381561258
293846410
297745472
299792581
409354424
76368691
231521677
320274590
218800337
423390251
427680237
49709786
439332681
303947066
22708195
296119409
259498993
24460032
276900656
91243076
248021965
72533407
72317285
129615566
354771779
373851538
231247274
454206265
267767154
207991909
131973715
110699755
414159718
84904573
384153754
356737829
72350885
456803436
437571733
90626845
114845211
297535159
277073804
219608772
77155419
216715910
274384509
93690599
255513479
409807463
173685729
488882928
94517805
49591222
298342282
61062868
322106112
82495141
308041252
94510605
304599442
266379940
426536536
390088520
280779186
492905850
143433906
200409498
289942806
106110747
39517195
254282193
28325038
419325846
315829494
317820492
480966607
221560269
298203697
494661133
432292723
238909460
229636086
241018497
111778825
475694578
79013088
262275734
165460805
25605556
62254023
391371721
238097938
348832255
74339794
276373048
164247739
429955743
475425148
491711589
435842859
350472819
286865322
97795987
290993225
81783487
428414080
100590195
244846565
495141047
148092175
463169819
312751649
473315843
266221102
240980773
327223071
413644820
59102977
448977258
277771479
216664019
456614685
116792033
225632026
74205211
53089612
87779803
148985448
454833608
150796434
209727319
469465547
390935139
384732308
222711640
188268230
321087694
216592765
320184091
185179990
129011473
205259854
258853635
306511701
487500047
317821748
151937416
216747550
40697308
468613348
375771648
492111282
386219730
201574757
427571360
126697143
453217206
476667503
458642264
317550369
173512025
474823940
383375016
496076763
425277312
430274020
23940907
147008280
456829679
31319747
162515589
398586888
359035306
450103190
338900739
426012872
374442885
374847802
228033742
259889977
100197349
67002869
197577511
39495391
94803311
78653669
416629898
120582593
75958459
95535120
257584496
108683004
495606582
375047642
399541978
186250611
233409162
242416363
27203673
411830903
476592544
399416477
164853635
462176648
170406642
258958788
124287039
53540272
427464074
69289803
199641889
206614844
245103682
344123295
365638921
437773386
272427955
343979942
363858479
481796817
329228373
347427325
73331905
447597198
248420681
478380015
316063008
156538112
383604011
389733453
209419960
32950725
444112519
73135090
480269081
128573359
146211368
117046991
358631481
120915974
363514859
285114794
335850022
282795561
289901236
411753920
255032304
354281684
411622626
177251855
197311898
268513890
478260881
393222958
269022751
60812376
416176399
194591794
364633338
250778628
83058943
283737325
222125003
387627714
229337913
26710633
469669061
101752104
69060891
421777041
393989886
55618038
64278867
321466815
138383786
440140638
253044560
196691683
389816719
486856590
77076555
178856931
461989210
194628479
489599350
328425940
306464022
339690414
65528457
143127328
91619953
351298637
184463046
25810122
46342574
489703880
496305820
143683889
338699639
331844480
168158794
398147239
219223924
34676083
212943671
408811047
242800255
302653450
126268909
293659307
152011383
473710484
275251143
75553449
255957532
383038578
175855382
142437197
105444976
276796587
131415541
442485323
430962231
164701444
161081754
299720963
110139884
236904057
199928125
319462268
71642163
450040272
171043537
122553143
156926053
191522050
68166131
283240604
99958883
115810593
255211621
95282599
322960926
150448535
455304483
465602646
219635307
239259571
183275836
498841283
281169796
418737875
173391662
74118402
207694888
209623931
104787511
384188674
280880783
52163673
128467038
82807038
195561346
55207440
34308219
442636507
122010767
489878674
261344836
189726347
261859441
185666081
402336334
201190392
92888569
313212327
437134884
50358681
143526331
278955634
419890409
234547211
458588261
451908535
235480143
145195078
74087509
322712980
176880070
384262699
94614392
53393117
205394825
428298687
433742523
107114149
213323002
88425156
358940230
197543701
392810244
206692566
461610136
479158494
63659869
465623146
374532179
246822894
24658389
187128607
241778458
252826117
122238334
260831228
456234093
46855235
175765050
161993870
466702234
254297470
147144380
65136339
289604104
148121122
73853604
350297114
172799249
224526241
151049442
442611877
81332446
221402984
58939458
277656236
282894266
34152204
427415709
21952004
118087648
367661648
320310945
256951345
367366792
217804052
242019155
465643496
413396709
452662260
282664752
217257535
237468023
123534493
83028976
37411287
177150565
194025630
78386063
489002949
21234816
303304264
430510878
28384024
452607606
284179039
373093169
222020322
156077684
224285336
425002891
381553054
385686321
208504806
474691411
45910456
209959029
126400569
364137319
61022562
85310532
88604179
464671913
151271553
222029097
23241979
295593837
166650466
45950921
46860946
337621626
409571138
298720076
159007362
262431953
347375784
381951080
258293807
433119928
293028362
122890132
92953283
143618548
355914137
157902468
480322478
352740907
160905703
57062659
426200641
98290438
255949869
176050723
497280817
142828637
278619652
387392044
446462179
396092318
437901342
409255572
346995668
188412265
449118717
201738618
286465133
494709752
65714027
329109655
100042885
247417138
239659465
116317460
133193745
146232752
113318170
464768607
360782209
462362510
297421802
379179831
132073659
245945857
291650878
154961886
287721252
163418224
208919827
303144223
463818828
481949380
242766492
323002339
24089498
220236338
387081343
56962309
131670820
238127631
348129798
249682772
72541079
220198752
119929306
74634700
249961070
382556106
304584400
101526199
124370924
233606637
309700945
431477141
116380973
151396897
398916702
286055285
391213208
303245209
236253714
380480439
211319932
41434701
285926937
178310736
60351172
407656498
202392848
356804454
136108515
353792893
228510529
81835115
29921822
122313369
305824254
381969349
209007256
277544315
349859725
245457348
395301187
268916255
189690983
203061594
53192912
318732660
351689670
127503385
57745226
26961691
261953443
169177503
439166825
233622793
174994227
284957648
491978731
249436752
439250801
76871345
361274322
194112192
368647946
30715070
173683723
47940067
276662509
267200612
260323594
212528777
404048768
303974520
200980242
371731099
198043193
401081128
274906026
393268371
98288174
414336012
31037483
448187154
354581359
185371747
110430046
488807704
90533354
169989695
393779972
96365921
482981221
416756541
287014321
366427685
27940031
393849180
151025242
386981337
180991400
371393602
386841018
231351694
202629347
453580427
469065685
102265621
315917201
245237833
37484667
217447720
216794459
259382497
198567228
497666148
439079291
375937034
497399045
60848136
235238267
363740679
425463071
442502402
216875454
45921088
217957120
128888010
45757132
133550579
292613378
149323959
324052867
57109748
476391306
73897811
79244934
420682422
22901569
47898895
147430004
246800244
269813175
387842570
279562522
190914699
291042335
100082452
331107717
234209142
122786099
159931995
49536537
54102029
462368438
112712280
245000823
231044823
420677545
22453628
463033231
23491661
337809212
102492547
170888984
171853767
230174881
252530682
398891685
336343967
487266186
488108328
208471484
233428151
314276288
40046920
27896644
258042490
436328480
165000751
178048488
136466115
400672489
116733167
74312403
159114052
50883174
78856499
325018987
342676712
81664058
113821148
128915329
24263168
240204942
91568869
87908789
120176299
51559019
210302984
58008660
258961909
337814161
313586291
56060292
450761404
229377635
59970616
22002354
193442857
224944073
117335904
312831526
316712371
420992646
247221638
496646248
181418164
86613032
175223052
463202359
229318767
172836536
198714508
101973547
31931069
344736213
485559369
489909282
407196721
491136565
366395556
458759365
68027919
236413642
85507118
73010915
274623730
457758793
90675657
274510439
282505747
394695626
27718665
463651510
201314042
307778441
75467895
144802379
23368387
103253662
21686395
201387856
485430675
57842391
491660114
142463841
195875128
23782256
284746949
275273903
495973207
475341882
479820308
142250882
152285015
172396040
21457184
327200276
38358034
125643267
117919575
397016159
261275788
278000703
134691559
143012550
220688865
275276508
42362515
36775736
212827310
53690469
250936925
144961322
72604418
216202250
256753771
102821138
161017770
88420531
232162561
49664236
439633114
326347743
168252793
73938082
116636940
439865637
487496082
280969361
472670024
297381068
207558431
439626810
87821214
106247066
413378090
452178482
301262105
240947711
277439625
234716517
340553280
370328320
225599126
329406801
138544419
328549526
337015861
118693795
456670517
134209300
449669565
343893434
29890485
470522666
22160587
77604416
459577645
23684966
232770630
377692338
69752180
214090362
421145972
45227221
463404540
56019388
393240311
421626029
441085853
216110251
46596969
302718143
337507586
251544279
458249907
197954189
338084027
283108839
386183751
36548022
384105750
414453398
88455007
73900829
95866188
58807433
470741303
256494090
420483450
161969019
66222244
243485529
444155921
78080338
357274286
141434206
433482363
89732607
240127445
220513485
185265952
415397401
439236413
109592974
164535165
252889719
381306705
100918575
86302797
367784698
102000100
397778957
91659423
257667466
212728049
82419317
172695525
406575649
230426404
261278543
338964729
74028688
160223077
196725756
370768383
411106564
409321729
330672427
59943477
467950049
224856994
225018813
223778820
35618862
149108673
343776159
365645628
76306330
471762034
192028013
264651957
103044080
104434054
162044518
222693752
24183539
85372835
159558675
159670805
391700480
418122455
150754689
347328073
90832787
427492340
105110493
390920021
172703630
45771302
297780828
80610194
347223002
377912247
385844602
405986177
181728399
321049329
314828527
410760730
395345615
20361324
195979937
492592906
247608822
145765505
341752172
405617163
52014812
167791412
44238499
253230350
475758061
36313157
455800016
198237617
322204520
139677197
195758010
22237673
301100241
445035799
371143821
309814546
466075994
423355260
469603501
499416047
298818367
191587787
156748113
481981758
20400970
359971039
480999921
385717258
86559860
270466404
56434953
395336947
191071280
99135504
406962838
95373529
337111381
27926947
451563598
108609719
357676572
107619706
144091616
69122964
27638439
203173321
67512975
350163835
347655371
374590020
388864892
212138441
79529983
498370108
283913355
63818116
245152084
166604258
98530312
23062788
321839130
447127216
387551756
234030994
269438558
269048289
207697450
455624223
177484881
441545044
219956587
107178014
360972951
234317307
162313337
64875571
429278529
81424289
336225608
68537890
247152118
403966622
163972827
134053112
121059985
86733426
391827183
387470321
272118521
460942274
180925574
112033798
369703913
219073689
442262853
26321046
90647132
441927311
439671063
197834826
439124271
377748330
159485038
410883302
491369450
104916189
266653152
422288103
436826709
132926426
262866907
28978751
96094859
494563223
421480548
104089059
410199167
253185180
159896013
419422483
215092137
91654381
482392115
23241031
358108139
340984474
241367494
123378217
381963957
22944366
478948760
154904522
416048354
401984828
377384959
143565064
344349612
67831585
85247509
493371254
411159366
117521869
114105711
36237292
256118357
368945485
428689959
63428884
401157950
25004493
355143592
295317036
355987010
80246910
70996558
100277677
297424313
323865368
236925804
387146689
270770652
70259849
441979450
416860922
334031899
262900180
336860888
204341669
126671591
419508747
270896602
394157708
109573548
368560507
428423335
63755684
183896496
415247785
475433321
477459919
378050306
148575531
495410811
80724782
395492838
160018148
206692638
144539692
201644902
490295161
45988797
121619848
229460164
292142538
398477298
491530520
324808056
488023710
467177946
269034745
495483355
183351424
182371192
208616286
188283083
240485250
471878354
385172424
479194363
49160340
116247638
274576661
399344438
357454121
97137982
165235749
139779146
453796454
408948620
276413198
461476678
39503475
344112014
343369814
278581322
442198013
400545589
60808653
25280319
144695856
379911490
187153227
181196749
416645227
133085791
119017256
110403872
369164051
205635070
361605173
21576175
349599949
82592429
217254190
446609446
106540722
175699202
350777199
152767706
177981095
289178593
390606196
405993472
415865091
183439492
356780755
298585738
245794708
81246910
411098838
373993514
229200390
181585125
486183710
97821840
496453963
469096747
235073189
372435906
78241114
328676745
391050933
228187191
99163835
313335651
364735032
219949301
185476972
63535192
268942291
37185841
39095346
422369217
26528971
35509124
210168275
471653995
20333921
218710255
291462501
302897473
84063023
335386912
408402207
53930191
155497190
401753494
437440031
163748759
306514664
283990316
29022519
493578129
428091548
321918845
118934670
110544772
343654416
251460957
470130839
265144982
101625545
133991291
305880580
86793320
385206594
396005112
377547202
71122667
303514486
71738797
133188311
95283497
393181629
187257524
242542581
51581908
214011494
465515765
94480805
156251754
374400838
217206169
467503823
229763539
479483815
57392325
309772404
138052406
370755905
27248748
155342091
280660920
480308464
167946685
49449616
287747529
426745742
443727708
429954434
73043783
379150189
41592230
104973733
348336574
486876676
177042424
50916016
143701840
441558238
457044173
488972339
112092324
314173299
93137114
306290521
66263457
202370328
367967716
227709183
416663732
318820629
56124576
35640673
77611904
346610611
339206150
371546684
292784258
244466385
152857306
95081883
256144679
398293763
431072454
52650837
279071857
348094623
313759731
348815567
383487555
61149984
257133750
335694990
343096339
447732078
481554385
262501540
136486372
246098288
296659661
281087357
104303351
467845097
154359887
171348965
370751457
428442783
96376753
97733805
62668199
140452900
363871539
153335288
261706310
165165346
495874349
216601880
380551308
453413162
452548018
160261172
347008821
288524446
335468475
43740393
175617964
288219505
54826523
499740765
499691764
481314864
121078871
153008470
130673200
183385225
200420148
35516735
87949914
494907983
386879291
153464703
54140872
420881022
227576693
174120963
409129345
311521317
147389884
267513783
339501459
158498346
132328726
202710259
324184521
198385970
262877061
112560301
344805408
491405095
324376817
381160315
471408076
326756517
317835620
159742579
435177597
196941548
28935087
204649071
112961994
415462316
221035004
367297622
192391910
65189402
181581305
154996542
55614426
257960618
411413951
356977467
73656825
148511863
242575942
434584853
41036714
363486420
241782681
295972342
202353691
200344937
244926622
499660430
66902248
311801854
60267997
37400745
393665263
490581401
408805367
156988040
69086949
367237075
312600401
427297708
491794331
82489989
387073759
278260721
24748406
393413806
300746899
469147714
207918824
444441879
415837455
377895360
402650348
36668962
266897181
110727891
246007183
36642810
32546827
303079449
95969889
91231028
70954410
475136468
378725046
234928536
441526513
456610620
108097276
159836231
381976892
401001449
495443755
375904831
105609939
128731793
326243012
34664177
399674241
275265418
276531998
361498258
173850588
358670401
387267691
473272692
146208167
66384308
356424536
122194630
468433503
322181707
214592090
423279550
235805572
97868590
181150150
373499753
186171365
213539770
455722571
245684826
135981918
411226786
174234214
486578974
131872516
293371439
404507899
101285404
104724055
48876964
492180918
98227632
61605020
208486538
71197913
486540354
169937429
256315554
412676471
468207625
138312276
72749749
338681969
171365410
238908371
105617874
352142957
209167735
131702766
193278683
47228395
363605124
473765186
333545506
101687815
437063475
29705390
278366466
489937703
139783104
424811632
180341842
302668661
75752329
141924927
319229822
150254001
379886110
68779747
154937558
87120455
151928929
448438645
184074451
327282075
487768812
374794373
77407106
157107240
139788486
464193142
484246806
191469182
215389867
396773050
352314098
394312393
440020421
197321678
247734586
375155915
250815044
196547725
143187001
431735162
158556423
28679176
98647006
231300728
180152849
476044448
108957874
310089656
404914426
396736338
160540323
26081698
36031802
381363355
38590988
452827134
365934219
133299270
297105730
230863230
238866213
340978695
129968140
182177557
30061704
406802205
264425035
276609853
469493895
221685500
402559757
313123447
339409223
192285816
452983889
312370703
60170444
163585098
322628099
138955699
467171554
419948450
117936343
477332331
42744140
375211553
392354122
464732818
198537596
488763168
286216807
201085188
370397481
425907526
200207780
90250088
304052651
292758966
285680083
441958442
48465556
466401052
448283146
236278442
295491381
404002470
302141211
149553407
420777704
202819568
165889572
316597227
265914436
245837938
151895593
275039522
62559317
62922468
110352145
435240516
92626272
137629503
95097235
157021292
322173035
381129965
324166836
372845808
170008282
387181580
76236475
152750411
479218932
487590670
248512312
443881950
393151757
152508904
191164280
213260898
34563640
267597440
286431744
369400252
134762517
396741485
366071266
428744221
261978340
89035877
305089638
129866346
287597907
99354159
392312451
456878643
35534023
300670853
47816601
475777578
93159327
437414517
41237720
324798313
81765370
366903771
352703136
499450989
396454756
34512703
389658028
210570812
144980951
222198194
333394664
221518652
326469088
89332025
35295988
157978850
76748548
475398185
47403231
212591590
98045200
444380421
254299257
238280607
441224343
470276553
246580028
377192990
65492092
76313305
264488461
292905742
429506345
430922554
497569609
82295698
147687818
242204209
395438104
25951998
308557400
61312995
382208688
106626478
381235465
76051809
225659018
122987262
70427515
95663835
264464160
111619858
403057342
474939593
368268715
151275347
392138708
238075249
382522243
131449383
337130985
139840849
491410235
32992892
74452771
187993705
435077332
478578212
81369829
217918734
45943006
320755034
183338469
484854224
320274803
418218507
371370415
28622373
495455512
39031338
57049650
377666947
132031836
348978285
53414277
179744740
445838666
83638430
187683437
465306613
434059825
148411197
54275911
197988890
481486209
251955174
316799962
320190156
456459359
407516219
185762557
187109559
143255648
418579035
455164301
183540068
180782588
239499719
303326921
272003783
77468222
331967984
497972474
380345822
257771918
331049034
84633725
360617814
300144893
438942153
90440419
121655030
342153685
274570835
268779314
470801974
57601800
435672504
75962515
23025319
70376414
478780778
377068388
192058475
338816979
355794096
382150409
449807922
233797353
325853789
119924106
20740696
55796473
211489443
276117296
86915078
23789392
52079429
170170028
398342731
193361441
267000556
460389777
270942626
115240373
496124234
123918768
138032902
70956467
42156663
201056495
285947216
427671369
173007321
327037414
103941650
279043553
210057376
222467900
439942473
492690567
96983148
284185663
400852636
105337258
428601147
410396806
427849978
33417958
366545322
157021974
147971309
407684411
486226197
93982090
219279176
303510229
329008536
263869957
28882051
461922652
452448846
299634825
485601690
192633224
71821615
279953324
51994076
387400461
158048139
27653155
27499632
440126312
381750890
360498276
63565298
337195926
296905814
411608969
390779172
233984715
79636700
437048820
407422894
234300674
204896774
165966113
269756032
138868382
263204747
120271639
125106203
232986356
188890696
265793226
359731843
293071278
357675574
224825922
267356983
262926275
432178046
279838290
266033197
406365169
27010001
391476657
150224205
148805455
173026492
262064341
260835351
307663418
64644241
81062989
322704765
75153304
271089611
415663656
451590269
127903842
394793191
361316052
78086017
120028359
244685025
199187055
354110651
98846310
369034904
283354035
172916630
47420729
360408414
30029707
45487762
209175949
255847259
344027443
40121132
180446203
326014142
324100678
189989256
204640593
373424548
116128422
94654377
485369358
237621637
186902857
359628548
491171217
404696326
454273235
216402906
420910417
301262863
454232745
40161376
76546513
481111931
265625990
262770163
24716388
489701928
271263627
349288878
208811521
88197973
42471322
224127465
80868196
326947861
160425267
448173283
95352154
104155769
490910767
172455089
322821891
25061349
149041997
216345530
27694625
78534522
39491380
221741474
476951169
72768822
32472187
87492699
62812051
138903646
448537387
392749132
484700905
125686730
263180582
112045720
367774347
328276337
273140511
430140821
406330778
71767727
166705335
469327834
355608411
89665247
217472470
315259736
311824419
494055159
80277785
250720404
268933045
193345597
297524405
91836458
43656388
168059058
266090583
186177280
215423610
496510415
123549141
117356297
252229016
199080630
425016058
275385407
49781651
355141008
26642861
375918351
273723566
188065509
458472937
295283046
143653163
338293406
429788684
167335065
427820679
264748815
87647191
45020486
145224156
298221020
303915679
88238507
126807025
441055240
465324625
310268791
58013128
429923151
36887709
280511202
275209068
359848243
330631370
155688479
182147879
75973301
31103076
58113075
33718646
366312480
294750794
108521425
421725699
498061630
390885927
391054849
291199414
292428299
90376526
424922179
465266577
164952046
374915127
244417322
37006610
60886627
106824433
408543186
471416702
233708889
152555095
392321538
235445837
36189587
467209797
127404625
292037368
305065760
299478701
44202217
138608864
243611573
373870977
217075280
338288168
64409650
37979726
402598157
293612289
278326203
309960092
44293744
423342560
250696867
408878943
88679146
399735133
485082207
474652093
142353672
456500307
217373257
368478239
111711747
332945757
184441579
413059752
379652479
136300744
142721952
171690948
27639399
294654321
257662754
20802323
253654500
454228535
337354953
80450038
204564609
153141811
250552289
155933704
216296440
21892048
475127255
56973947
369431999
109107297
141006090
209451269
171102793
462093466
407376574
454049057
270821488
251447373
229686299
221996158
157105634
494449526
489693444
43447934
365455024
47922730
461490432
67234401
196279038
463989788
276389929
447615289
446715103
471178451
373184847
446880609
23258283
345261677
24090738
397058053
364723379
257771028
151431000
207231642
145614272
436078599
496956844
409544666
441498255
479301822
216294258
81018760
174522373
48093364
362008929
288761098
115209775
175435665
50528664
419678344
28797241
48885215
151145335
268209822
90859568
122876332
274511205
173644305
79387765
143826033
168913446
57004731
67148799
25766694
376972317
402751845
431674971
207645697
453587070
123727079
77727835
339095966
138105284
240995626
216048548
261845481
179061009
149843079
436021441
85886749
115210334
472823672
368347951
482673080
272517274
151143569
379358933
499591311
184010304
158077489
27352136
476949115
254652353
450682881
486800536
144454732
390403477
267526681
270563792
442907224
258517659
404127323
25828045
178264438
112633746
124565489
78878813
433183189
23979223
39385794
86274230
206492065
434883704
319952900
47877611
67249306
21930178
448657443
186194357
53562301
74861684
162488593
52707343
206549112
364867262
367896300
92280565
202211902
133424802
302365574
45572358
494098876
203436216
394335991
51328350
44685286
34052194
73322231
113808933
499795071
336804535
47666348
460645755
493914385
340090913
350895011
66552517
497611186
122602656
436592737
482860267
276521304
447634639
407603117
185812836
426622109
197228349
454010541
269740033
103170932
21988451
445654779
352613997
487779474
273084801
180648922
56675755
228408785
327210476
490043031
458062958
295647378
208554243
363846968
180729270
66224348
280953541
198718521
151535484
404349033
495113292
275213504
460328110
350290595
363914890
439349402
233200718
418281133
308443829
165935600
407363850
29913643
117176904
301923689
70548893
439374939
41818274
447656623
34716495
398814821
316033399
267400850
162563428
169303781
85053777
486455662
184948823
458774970
428388531
276370011
258260737
373609607
118042331
404409257
235482044
476237085
494746239
23747841
81902558
40821109
407446314
158462068
43263620
73967761
281540834
488239030
236390189
496287253
405392397
270596716
48385761
311941283
449141741
39243192
203190953
452523761
166646010
87517108
294015626
348850680
367234106
88626188
123001290
132184701
378337455
293942076
247660749
247605022
433621447
402584931
176041658
84689619
20002784
25418972
188554114
322732281
452969796
287323407
418958883
483025955
109126354
405029966
39360113
189754981
158204281
383851992
327568497
141065616
482157779
129665091
418446564
383214951
473407702
164852398
415803328
372642874
212337842
245696819
249515797
342932370
100559821
396597673
107224734
266419713
367558481
47514299
434135198
458546131
284068780
252708278
383539801
291480476
263215970
244827629
349649592
460539868
225049163
210024895
406861163
311070109
403565180
128945082
282689484
23958653
391204293
239227095
104080717
201413612
27743326
448731528
55227047
81131753
294333867
115609541
372237491
85050502
125045731
38907809
407166615
192819896
251927030
112738838
82139701
247507400
467048714
394631285
388857584
351303556
228904186
111082156
397208251
281056637
382724016
456034115
392859625
311285336
371041803
237285675
158551809
166090875
367866975
377305167
294908686
117085365
287806519
174165068
301917808
401530137
437416322
88352118
399034378
279030574
163667899
442175179
342527743
436852427
324603210
252443788
258773287
27229603
354628242
206553299
492326784
34230288
59516657
27900377
235399697
178958018
360902749
113683795
110707983
458500050
110564207
278261450
277921839
178594384
433666003
274670480
162889068
481849652
132211481
202823809
269385465
188084887
178729790
52399448
317462231
145824052
155304246
47204186
198800501
493136659
84712649
444291550
388023147
422809216
205313604
464269678
107756412
442653981
149473557
289072036
265476682
274115569
164297363
135750748
324968992
103543295
343048579
350912410
289547115
260608176
54251466
54777284
209899116
89347523
228008422
141028664
418374616
28543541
329212685
61858680
431135503
430150168
323231531
157118945
104529386
77330092
458395365
331252462
201496114
286450466
476231294
180846105
477282784
471569602
189900758
48011346
151669644
366130292
64690079
254525484
449437195
310361096
422038181
134071575
333108235
263695731
457772689
213934814
336149763
116375699
30684498
88726801
486297975
42577399
199848726
475279611
117297475
323464228
191977967
450114465
473818806
140782029
464220727
88277722
20390301
133834919
411831905
254837687
473977529
445095871
183987621
469896457
320933201
496900216
257567276
233574769
355421446
97030578
295396020
194211854
315379917
333718004
300110383
475362697
245654901
208101364
350076670
251546389
33945659
193034790
354501997
366688270
195019878
204805380
329639620
357779930
144535790
178917486
36820805
123422481
480745058
203819509
21744325
24904526
305900364
262378018
266199689
196762453
455462787
438664606
22866150
335150670
359644678
313930232
370328523
206085768
492098932
182326447
106874629
67802980
438257319
112602843
401717073
473241941
244618744
387174963
283585231
388852281
112596744
490803638
329533167
364196607
113766657
222905626
303934904
211063911
137180491
301913571
67154124
339637792
427914714
235397807
244654674
49473371
282218794
324681685
83824362
92731999
300551115
139470717
408913447
227652291
162312544
342558784
306191940
374014437
153236482
55692541
417463426
91385965
225379723
241437527
39788147
152744016
336078482
460372460
109276529
202212077
497944569
59437887
309490406
261464844
281890322
72746214
194728563
77070534
196140890
351339112
472654814
265359344
493236709
492526364
301233922
203682268
313918288
202050883
253229232
355894090
248823751
180941886
496391852
197543137
98675983
308390193
428767695
53950646
495393528
498524090
431081035
483034424
307268637
238932828
113151309
396280062
82748359
83605470
31294470
50592221
341282057
429180196
269745825
276744449
134543236
63391813
347311486
103719010
90218798
137520814
165902433
196747242
244397651
432823942
237787070
210438150
406972897
169279383
172559740
183989371
111580361
259908581
73572029
139754578
74670437
22977734
349344430
305702200
204199916
77622328
298963416
399819412
392142068
435718974
371737480
74093387
404703739
403199410
410839395
309330008
426776453
178797041
178668982
447937822
124124960
390269597
387892102
163402631
159700475
180975689
64296432
107282888
116379326
150635743
483254147
35638007
43768335
352439308
478250903
185743321
181904572
303228838
187045298
323840432
57422478
78317095
266276373
384483796
404272059
194194757
87004554
200189641
51905538
63759181
109558112
165905863
92888008
296274548
216319608
186531040
390541269
304246308
496503711
206574760
114614184
155519342
289316209
303628483
231772858
332833722
409873611
269901117
249510747
351869718
346998695
202568962
36229942
410508306
457233818
29704353
389704683
291541667
476279673
389484744
64032435
350671595
243584295
231176501
326632271
411112549
281022720
158417287
250039380
90811316
366359759
477982634
208301883
387038800
28392387
421836792
150524932
270155397
93393090
161601075
245701607
37093823
98923084
112463308
495134630
183529720
176233253
46725398
178643360
497972748
456937219
499973530
440902985
267454239
212418461
380169854
95290624
212046001
285396459
100164778
425370101
360545443
180773115
284585271
206900393
20331507
69329211
224701451
213705205
189671058
255481787
293259371
355272463
277070427
132386365
227756536
310928919
449369377
99479465
366567476
422754553
195370189
118325882
34016962
451267463
50974855
404562788
47286427
73302831
306954605
99627931
487146578
39284168
241276001
283365906
390731051
264586494
210355119
359084547
261888384
441391679
422930145
105925210
339222047
133057061
220848875
412577792
64694681
254901551
120304418
372350772
215693061
125480833
285045611
439352315
47215665
470610238
396235500
230693135
41250013
445956501
20146683
313994962
244836048
110679313
471791988
181060129
318368403
125570124
187425872
218329287
63781143
69483258
172590737
355067925
382145077
426541009
315792825
417963865
250806999
432441627
83659055
343423194
392662228
53640158
303418788
175833533
195362452
303236962
345113385
338929717
208585434
294642687
396049403
134557771
90537835
205406954
454272221
64033118
216669226
186412398
52553651
411010809
119250692
223374209
204937156
472783066
431574433
496286469
479564084
350290743
343661856
391852928
330941683
93048896
275116657
497243757
217444479
288019912
385917587
54886939
52869371
405411388
383046805
293549688
387226009
148124093
468832701
49935706
436048380
445023553
407814776
205960768
305687133
391286846
202408082
95651016
81002701
215810107
389327832
89800125
86717528
206005972
107117280
87222402
175405137
370032456
92731408
282201424
431176595
367891331
92724248
287352602
106294767
215365904
52912304
358719771
172664582
460845495
70947853
463112703
249581177
134708221
196429680
118841001
98638175
298406925
209117008
381960238
160759414
24501309
346835482
154325108
234042548
291562311
95713601
358859287
465962804
301016741
234444225
88298383
22085612
60692363
184597663
402369345
481721173
210302875
88431455
238863445
115408096
273805388
116024298
49161978
496177286
119405385
222639263
212142304
333503649
147744135
49988229
135658023
181314542
418191055
147998134
168008453
491441645
344377944
270709463
84824156
271939262
102096328
242943913
62698581
499600917
292647134
83924747
451906435
403907090
389412429
289075964
121704012
189013957
100718060
469646933
279731222
188824059
181901106
397342407
427500605
165833850
447476309
221107007
188343444
260341340
49452999
168457684
223707530
484012458
389688910
390242689
210788227
45890559
342184061
335749449
449246702
426754662
21527153
475471061
161170229
321490305
447658676
48082633
486995810
398717865
134228839
37444134
373370500
452146927
300373562
323993918
164495092
346714832
329320638
132826502
32227495
181734521
458089008
281568232
293990641
315136820
432955237
239451830
400929272
498997391
209542229
88371586
425775446
125407853
196793627
486450209
283615598
349969161
38333307
456854891
171597168
200209236
351058918
371259471
36776267
94192162
226534209
171573868
35852746
219179245
463050109
463108480
347779390
24910256
173577870
492883262
159358080
494536496
374239449
128439526
237222019
260605890
126112463
485331465
391082379
401130384
44065377
432734753
268338500
201895130
260995043
223540035
305439543
443248097
103829939
402690481
244779450
304706722
110959891
278025700
215197040
222127302
93849028
293375663
22275367
162262788
208193925
497660504
446932951
279382093
211304256
317102507
474941361
179010901
308536553
363913684
363066228
404642008
78173298
207897108
427910158
493959632
128265161
440533852
495836843
331101577
485175927
46878779
404955115
303804277
237333327
170501579
76533749
278151916
228445035
454864785
336760805
146292268
388880613
69393395
402874077
366835588
155761890
351659918
182249365
141539976
255000797
331075165
480009900
184411264
34775528
393375952
176584606
287730146
72278301
25539900
146400942
313921541
441558644
176842479
117687463
318986494
54184319
411357724
426824067
32214656
148688384
166304168
389966075
92726802
107393095
106712525
445967469
364503784
132497338
314718895
378110236
47145648
81377453
385473881
255975072
314608738
311930676
324860046
146817248
455104680
425580071
107373425
114284656
489804839
114974043
477408203
385430382
444417997
412710711
267790312
447001893
483905836
25148182
73257220
221811740
315668460
35890848
380751337
468221885
302698419
408073142
211788006
86096330
280132796
389946385
375540837
349768184
116565015
142994028
477279837
117634046
74494145
113171989
267904711
472455730
148888366
139582543
486638628
488406338
431069994
229142947
190615508
420543361
260545608
230995367
285836560
393267380
38937662
474430840
280953325
116137946
242377510
455833061
284684724
211233305
328704633
64639056
376761563
397934206
128977199
343317474
331119282
101406658
40455691
68229316
365305781
236719847
293127067
139283026
252356070
471693068
315734535
239781426
428974759
213047932
149341027
186564802
215397670
303477076
167345118
159348258
140635156
154527502
103058706
227359036
165350724
245221040
247677646
464753376
43847286
199241314
131776642
417936370
213613959
43410365
135595341
184261734
230351420
426821931
195798565
370702049
191713591
418791367
155154268
276365134
48349086
302598135
383551869
160646176
35106622
424525994
183324692
270563012
258987774
172016910
317376944
245329662
169804169
103039100
437988968
183232938
436493553
253563103
42079941
326567731
336245114
319410608
240074604
139475691
143892774
381407491
310855830
87873569
170553255
89628691
165477037
154775310
267967140
297618189
332580478
145409106
401467031
337597867
176548303
193899117
87834131
430578642
98988344
330143089
278978803
479236171
265044707
91396217
327827375
465747055
472146097
399621671
69154150
470005132
89557026
287995814
128323414
211242979
422178615
169437106
46421239
135884128
292260344
160491778
364770658
424795905
85846514
189303409
306606113
51334956
444521870
413212261
298545330
230670168
118429475
201148402
67754691
165032407
67965046
286486243
368000086
481759401
49646847
188839342
317731711
93973316
147193218
194072170
45834744
100476591
137306943
196007012
184317969
301255138
80581619
342545426
118745863
401994108
262988750
327908594
117542317
476693760
127205253
143938689
145342601
115654636
210619854
494775814
492125912
94683343
199743625
423753966
53557841
392600498
303642954
486306418
424486447
109620724
177900570
260834481
239415509
40650096
22105329
92718186
160507436
498643589
209809195
77740421
486123792
390578436
195097986
99314167
146773852
382845415
430967251
263388172
324577523
152737475
86872248
45958564
205389472
267442979
177111948
30808869
420611194
82089402
407815206
40870103
192523551
350780295
258946495
170805294
368359054
442229229
80850806
419925347
486701663
46220126
94169017
479168232
59231257
435693540
261563960
347239231
494947468
256906954
129055653
26748891
298520405
121030095
357262478
436814730
165197288
199186471
285574284
335892846
221063831
292243721
467579991
471268094
68844184
472168565
346601497
126597740
337173977
299270742
52399191
200073753
132464749
96031694
331736728
182866987
286548840
472475870
102538285
315647432
485531597
475175082
71271628
445582656
382788012
90842244
76114784
372470440
461991560
104404311
438412286
343603857
88846030
375510117
412376945
273281933
393755457
497419581
139861151
310440363
237324774
93377594
499753599
415899619
357050433
121259966
125457353
265356982
63728133
271651482
236161442
294965119
360732169
301074982
272920319
431086183
402828203
255275577
448770211
92303727
336218774
385521015
31941312
354434885
487605392
227536338
267807441
393760768
454635462
93894553
406781505
282658485
405465471
377572765
127316061
119938278
358776554
98467017
36882590
113051560
498302151
259588847
436580198
32607914
283654263
49054874
81509608
43414558
185037141
307508230
152354642
267540171
154960074
290307553
484482915
343833654
223273705
250585489
432701543
45817240
451801131
422174240
370265931
425109136
442270409
270083508
449590272
146436077
281751828
154477075
148169137
285009124
263008248
363038902
423650245
422536065
129285447
112203368
286461720
143939763
194617422
314742998
215152579
402436018
333247729
167674655
415476975
498597911
459732107
224996396
229224529
220581543
53770921
404142743
408682263
387830489
156295839
336377044
298648327
183791663
428600564
225960424
133280097
162380695
191917309
319195447
421747479
241859774
137326890
292599336
42651376
310143905
314761650
440990203
290199367
106345694
149260461
302175394
237255755
315634374
359449592
447944508
439391802
321738019
441442360
135687041
479617648
113777720
24065081
436597622
453971383
29315210
241255260
59797992
259990008
473803663
343353344
182252287
163229213
110335118
364972854
427927086
490965907
473834515
476568162
297334105
51981441
230895401
157872708
365449849
374669214
259909599
134006970
368828271
152940139
376876247
36147904
127446941
439759232
23862023
367039860
493889696
248063884
306578818
475835804
206357003
409274483
440425105
322604799
87031559
42529702
58839854
85921543
67369510
112437843
436022186
71537778
443038576
376506478
278114653
403253749
62217948
52961325
123762060
167095312
107013053
414558105
173724583
361734709
329995944
218620979
435184241
206797142
291889263
341608528
489626847
413301229
286464417
349959194
198677143
459513273
60974502
440664670
171794544
289663064
79886071
389619583
152234280
485363676
472653479
394115216
434297852
409836671
51204576
417045980
377562246
71693145
57954827
423206642
490196922
462023828
321395085
269339059
278074188
253957256
209137321
68003518
328933566
74911071
67198345
246450970
229358261
25461425
85279727
159046183
250098969
47031141
386926241
490663915
70612786
391555723
144315279
478668949
321454892
423613094
321252777
331480955
198834942
359588270
322022232
327781726
260654099
491785060
54470505
137823708
140955851
353539374
48315640
364107291
421975591
326287427
472329416
361085538
233246366
316764338
343922350
325352059
99877194
168623563
173924834
186768654
185185185
424712075
396180794
206904370
240525430
142040008
57786673
134929296
427023349
61929515
91648119
472588406
438953871
247595305
395415900
197740685
477822994
469285178
75908186
371630976
317501455
445109272
262377059
223420793
215210225
173841844
309127026
254657141
31435059
208544298
395785805
30194154
374249012
101852095
426748782
289286383
284945305
46094798
225869875
120543414
63814168
489356222
307978124
30262931
410730010
471762873
411287146
117154007
399132218
373716831
72449835
410398403
457485943
344933025
141660352
350941093
407994099
254508331
490494060
195513022
358481989
322428282
419068706
189652740
351390987
413946854
161949447
134022840
73979375
251497484
187458880
310929255
475312511
173196601
141107643
79882785
325998107
332333846
82128702
201934724
485806193
229722391
84385498
246026375
372613948
328728521
440490842
201645713
141863137
278490262
172718269
21873454
76709478
344121289
104132238
469927233
255857113
218416284
413673349
54410446
180956749
484130781
86569399
160581871
254611830
285931704
409049313
385181904
427806768
394159232
306437729
261055977
352013984
192194582
456380902
442996567
118358930
96607325
261358563
245910038
282104174
474432428
204800018
41605944
290776938
74480348
454625035
134599588
347222452
58498120
196137419
83083625
354090277
416483297
209861226
145916001
134407069
112620226
413041427
392785081
46706963
172676251
231233290
109342733
60695925
282173931
85467414
213880448
111567364
495989765
139796960
404819190
351696788
446310196
424921246
39532063
496494985
439261124
166470029
369200961
304472917
420185187
479027877
226503655
91495708
298947647
429057607
147337009
20214144
125544260
256515541
191662085
258060725
77980406
94064164
149774331
63711888
374319836
278969664
305005881
258651854
270360897
493084281
32284601
397557090
441347883
388072174
151329049
442616823
390337459
439273807
397083139
204761458
447395444
350606652
440675388
230628874
181756562
76365458
197010657
239201347
66830162
488720183
244187325
66567337
494117050
407558388
397935698
146996988
369900700
264855171
127917312
117133880
400629458
114887734
265266585
259556446
379185155
272537827
460262653
252648909
213252191
25833775
92486205
367673156
314540436
111021737
264728789
413715945
433581906
389087708
121691567
286431858
215507545
116706765
84154528
137494687
220570639
110639784
158235681
390129629
444600603
439424901
437735113
56430036
435994307
79101000
204813929
309190564
447171941
485735697
357216292
38795463
232948936
263367814
474964294
404891187
270862914
354886099
61293596
498130552
85647316
70335433
216410260
445436913
135468706
485536582
115496943
415229635
425164133
476985356
102851322
256527671
493241137
170734733
275852026
190265384
217195620
210632376
36624578
479233354
432054839
456351141
158464776
444194490
142818478
384316029
94147926
116597476
127631801
324532720
43194228
358646800
100740956
23227839
242251533
262344171
109864454
483183131
338584277
342691327
442660472
236432473
299901585
309900163
78654986
93709478
230953372
420215044
190063286
472776501
473678564
118519378
371802001
448917827
388215572
302690920
363836401
412097651
105534294
248619584
74179355
223236112
473489421
89950549
105660830
199574837
276058775
43220178
497755177
427278912
227522687
383823475
105803273
334754139
316693419
488518958
59705788
249184296
477212378
27987665
110086295
155045313
272760982
435633636
424470093
130296621
474240422
32819446
245232655
66451005
144153703
482862562
146231269
182323856
42014132
125782059
113726643
26706701
162060737
222907188
53611889
25178616
383811489
275670671
229569061
437769697
438196380
463675245
258590794
450562474
60610263
206947947
485733349
265475969
387079161
416827861
294573379
228130053
152129030
397822528
193382841
466561538
344548509
314697553
212720989
426120541
194914627
186114475
288320641
395713752
216171998
37197701
200664319
205737469
63947499
91181245
342255905
125170458
193008017
266043642
119954145
163337622
298410539
45054385
352119981
170654310
115794687
100960032
94912685
422787033
243225628
251120962
382770982
383020492
293059741
100221001
25954385
65259981
311369998
129929203
281709719
137174672
66572672
379521934
443289830
84169693
385435555
457424117
69308391
430144750
129570634
447165012
362606813
328507573
456672384
281656624
174055758
464538007
304377519
353117006
402983294
78039271
239421637
461903799
453161489
377752452
386359391
47834887
103712768
135652785
477554416
269816069
286528344
205414532
214578386
448068242
253583490
390275185
290282948
88601540
73727129
24362987
31433589
165691259
444811528
349482333
404464723
463954867
34191286
209060881
62359436
67645883
478508939
260353351
305719002
198954236
100502127
69014045
393010432
400775140
50405613
114645191
190773205
370804575
134993096
117726136
374231910
161082752
494792721
89671864
200891596
367354827
343219187
291931490
245038734
349326939
126706545
394472118
57307156
177510600
77430346
130064250
110175496
356041082
282589742
399802776
423128772
254245981
401374110
335880748
125787075
271825242
374832283
131347131
80178561
228634146
319726227
166935101
20008007
280015809
152432640
232003451
239760268
272432434
377526144
377121585
32570262
40517286
68763417
222667834
443877628
396638201
23905694
93478838
68715330
431584193
328042284
472563007
325583177
148350430
172099964
86588674
108660139
473309122
393910683
455437072
374220589
422493822
474466954
222111405
132265505
171320107
216128108
394170926
281571527
298442479
98088636
92431327
354616507
409319269
157272721
364050415
406708149
389125916
260801378
312652015
271008113
481920319
326166625
72664896
64997514
351066219
487701990
424570317
443931451
289324360
238174281
381158893
124769600
403271372
111742932
387214582
305074671
385711731
91892562
132535940
394478617
236720697
188189262
468741585
491521340
347014501
216078710
489414052
331990431
324884229
476240240
467697214
431885774
483465394
495978936
308425783
273128856
413616703
156844540
107390998
468093119
92107201
128526724
80568936
397631563
353110165
483138713
128288968
197423063
88036208
380465963
179499648
117779980
104147796
102874134
365912956
477809366
253446715
66536539
275188997
370618213
287242757
188596468
124046872
381782758
272722424
124513009
130408719
61814727
356933760
397750716
322016600
322294545
207162535
199617656
467312987
459509011
437082710
98253027
201098045
54574516
341258903
40876893
217285945
58488544
267018243
274218817
295582433
231729092
470676640
259328689
80486506
31120908
206915868
430056314
67615251
491550814
269347995
473821021
332481086
29136832
261640023
212698096
86334966
432271762
285583797
439037520
73611581
290188600
101174294
298898120
269318372
359929889
467292690
51870009
100214285
371483673
363314793
241732967
64131252
256691846
386679796
226139994
466702394
203285757
60153009
39985926
401613992
161749106
104185263
129925770
272947289
254637762
113211318
135676788
74068219
225389176
266749199
197009296
99082352
243770528
329375947
139498176
395685550
336914882
415063103
141648352
483958592
235774247
107731521
361967538
38205467
316649618
106728748
173961316
44709045
194687471
436512437
149994303
122858845
37101760
62139757
402432439
343231875
252331098
238577457
211936558
96707340
430658562
137520637
83450402
310676828
111161146
40706263
81307933
132324851
36190327
407284738
57342300
272876007
345054651
199425154
412875883
340574658
475959682
100959963
373372445
153301583
297790161
497706974
161152363
459012567
239494719
489070948
237901757
490671634
242297257
242149379
379485964
205052024
173998738
332174632
452929568
372122883
91813248
442083911
137731887
292644028
249418598
431388261
136051315
52897422
380790481
356033726
237613289
232640805
29551782
62231087
394555174
413240109
222916664
302045935
126922134
215506774
198526014
491300101
50972005
102042154
434747817
483511283
222139052
255029800
28628031
126968446
451556939
233569695
103739780
213461247
294218024
238070210
213721793
103573036
174778692
186320989
194031300
460513168
314108123
283310317
396706862
476458575
467137842
398920504
459509533
85891117
173184580
130529240
77919955
385513741
228109207
325455798
308756559
21797477
355107977
390823553
103878630
48994808
414351835
415601517
333068495
78104963
42674422
238279125
180412314
92976972
445806919
104545042
306213264
472243907
386601547
211883367
438003389
223434172
74996421
244464568
412409528
125422153
249658194
397476868
276495434
453808747
448501378
356258505
292849536
339713777
273410793
311345208
370965835
247955153
149545155
89086871
390109484
397381558
308523213
300320848
47251399
96979705
216936312
404756450
403584448
222423796
297840819
76667686
407930482
465833080
265215306
376522299
181134745
72736670
127107741
237839329
24881494
320914283
435756266
398257671
357255196
38073769
333537170
429618243
292563462
89615822
387434751
55427889
238591551
456056237
58622516
58762618
193127809
228830459
284968182
296796774
345118243
398310176
404842659
53370039
30402087
110332148
209337570
229358501
315739889
257788467
177969770
481273798
193086941
481058930
205405536
91161517
59471873
284657997
460812918
28977002
261135681
110963541
472936144
481553638
41394381
39409475
306886737
496421337
457584173
289704981
68763332
280208780
34515920
87601641
44758460
291691983
168632402
234446579
30563351
62435147
478464129
98213085
472617488
265631263
287491702
181192539
192927439
383929945
451660226
388693562
155501425
442217256
99766216
123705867
326110273
360484961
264536716
334852057
263360623
340185778
74561093
444187797
469425459
347655713
236934906
135215321
132963417
56458038
417576875
180478006
50223391
324634483
94383075
165184552
434898746
155680774
86787178
212639206
213298221
476087148
485952417
255577489
398078867
463197878
479663247
201447841
296168445
179845792
366160949
53529745
231869422
131147439
391957710
41281462
366516887
139131306
393282576
346197987
20291085
434049559
91907836
95616182
402256045
471024847
320814392
184894215
408457671
45536647
244573478
448645044
33430069
450659561
117837050
259209779
338122162
371957032
313323637
38378651
201429820
30724634
463655315
168235381
56872166
382605371
221858744
31448432
468971947
46132760
332420271
233715669
117728133
77482974
260981888
175724884
325854860
90854587
97924405
308937157
136108655
341993303
282621750
89624403
400916139
454380877
66258077
128228669
305222884
223279768
308770880
332351772
77229306
129202993
424327517
42146293
345099408
274806950
471555927
481048390
398648315
358840750
106529022
311159871
132468550
149509226
93099702
246081573
179172929
378900124
244392244
292599722
273754462
212636678
454851933
427581252
74367718
258844397
402634971
248043487
330987522
32587520
145006964
479060513
382758281
340020127
497028237
262507398
59246270
169321084
251362678
314564250
203412043
130003942
41481687
446267372
53214314
326700489
225232965
327488838
99054061
276248643
320195270
342642378
347429323
233793369
96537428
326232716
348776235
117847787
265666455
452448815
466198553
215749594
64449900
371818697
201907219
59000683
61149178
326038496
377058127
289460623
491548064
188732577
140447517
105551303
176350865
438496366
238305584
113351721
124450806
411597063
64825179
469471381
60370008
128598887
405142951
187783911
92230105
393731576
335793034
400288859
493255543
368680186
180357414
142778058
382504650
324727944
55516772
142394103
212664528
282083667
24738060
466850566
144155886
112261325
453005745
378786449
261140649
103361187
447355182
114539295
167109664
173600850
291938400
325029190
250772873
115461133
102765885
97252489
171683950
91713210
93814055
375925257
28205241
429846748
52915687
145584242
327533670
331911303
351274825
481141394
407906146
289484764
447829782
183425193
477518193
491981138
160061281
485347599
188230441
212989609
93683783
332964021
273354681
261997504
98321382
155610318
396415955
391692210
258851151
189657485
424598899
471391893
161594851
88616911
248322726
196322088
453215298
451650857
408256881
195113597
87491990
338735890
335210414
452362215
253601097
185859627
102262878
224794471
52568586
76395013
452466291
169582804
226440461
435237915
383218152
48037305
212049396
378481504
452502467
307012325
192133365
283693456
282397130
328992315
234432885
228631634
499977986
267593076
208624288
454525396
238589892
382100472
161892761
118873189
354696000
116612608
245723874
407322383
45292417
254586552
42745742
110217151
181782159
299583648
308548328
462240854
460672229
45816099
179911272
136098844
430648667
25681445
162028730
401332180
245083495
139217587
166674358
366276392
372778261
406991707
271590980
52439847
63574081
95035867
443089273
486803423
493365902
337730702
229955455
130698150
51976007
189060127
254341859
299999299
387537061
231448837
478469080
314790473
82996284
379906708
217938823
175296925
468766085
97448732
366551963
245041959
96067114
75506896
199517893
202564063
50098386
324533592
210337745
191940625
117647648
190096430
161454409
352975935
457834506
403876669
287947833
315533474
209425118
136089372
24463468
144063410
465769284
207811387
275648658
321490221
101184390
123357453
209437794
248888824
298713553
187394531
430505749
454332176
87750668
430487802
385001677
484488807
131801336
74370998
418842501
355785832
79160863
238233471
124889391
62394200
274495946
126000075
334834911
39936165
104904670
218780499
39065993
44453427
330983089
336051915
432548383
257058185
262623999
443319733
138985244
438192306
296889610
232708624
146206710
370095866
182068429
153107995
386514953
312452736
448072309
320721321
446914975
209844686
190141534
305524341
264028896
243974036
288907031
307386787
166519657
292683004
268172792
389140340
242123360
497982370
231720717
358034035
84281676
56959032
396339774
112553923
161331238
386834648
82001928
351673236
180081541
368748419
281842997
80043978
126232626
219808648
236674550
346541122
299187144
390183583
477188198
466087640
25440476
443054318
219825864
369854539
177153418
497975175
434017140
233328284
68355822
454485469
389605340
421091668
339339470
21694805
270306554
222264746
139179546
273743113
43114115
406950133
402161051
92793796
400879396
375405497
409889034
79765524
71849540
340588840
355813549
440486925
62727754
287197092
101406277
49105222
489261910
108195608
31367789
67679663
443134491
368913972
422677663
95337626
476800180
116505296
258419109
49064001
451423417
332099840
362504127
105010716
416800381
227488380
324786646
147133042
319193432
300795943
468382600
285875750
66004491
284416652
234940190
491860789
233198682
300691778
207297469
498807819
351125354
261141394
85118470
266214718
95606480
341292756
232437767
276389002
376334584
106534001
139217853
363085006
489231016
259198712
174620659
306336988
451388723
301344588
148246216
21114750
218917708
148757567
403504025
45412361
395202148
491456212
98868392
148353232
61313583
250028209
130176810
294851913
358777239
347926611
321337584
203450944
198011527
280431148
136166348
465727772
392795571
391439959
343844784
499787789
436463121
252952758
481969837
374831922
26234448
83554853
222764450
404988960
119377971
159450656
71098154
157879562
271312906
59486659
192403868
245018984
180907144
314796150
258124651
256566948
397696094
247399805
148611994
130751957
385803024
93822166
130705393
53341777
411897150
361674273
390895855
95797391
47750785
62748586
425464746
212783011
82351936
432855847
433102273
478505906
220288263
217027931
196334159
79347719
253704817
162408884
428933708
424502927
68111771
39998141
182764536
403136293
114230971
157121312
392594467
63333363
386824893
121680191
486445499
40186863
301954472
71901141
429579758
41232392
483617109
164298444
213506787
407677229
242328066
278501999
246043488
110911304
234284929
285114516
479623752
270602183
395646164
297886636
468718165
99791803
266638185
241702971
297997441
120221885
296808971
332391988
275225016
105863056
429042510
275207185
197060756
484426168
27697347
84747983
134466881
187792176
293439260
224186250
377665726
243645072
227402718
211033025
138889104
42685011
156252442
147870513
408184373
34910261
111236538
231039766
408897652
21394851
483771741
78276734
132933715
326545095
446419239
120241171
28655961
218545613
58072168
408473026
461369253
345077350
304135390
110387204
494752438
432576152
338911452
37692762
334071649
41494609
143603994
85491993
241346247
488878578
109718716
150129614
348902805
137155760
331614251
346574349
434205469
215794596
102592283
98674078
198030240
345449566
130094083
455331658
270729599
205865439
211809482
368738605
344508184
255048061
88063921
306732797
94732348
393217465
165680106
343382644
435416469
111673648
63780189
466825142
88493893
426782609
459373191
343770718
492184016
352334866
437237221
335875976
380959678
181689340
124874337
169599416
298730283
158449046
378009941
367098295
148167366
293362142
227219720
236396508
79137090
351256593
257192245
316274905
250831679
380757884
309174100
288379784
480703322
479476456
389574579
493448439
498349009
66343584
455341437
303334864
43152250
442043900
272151256
68275249
451870603
34108631
493413017
125605333
72127512
248574157
27801965
363826698
309452446
440598573
237275571
160553564
305414968
300275231
355030959
395961944
340836835
193804290
112525494
368405785
354146267
372061621
459679726
286818868
359149715
333068664
164014189
167277783
177198461
130582803
152217564
56751481
345158494
176131300
314379632
202676687
289086517
295871001
350569354
132635071
250724346
168074028
330805058
109520013
457098617
297885418
453215786
387937014
285756463
117259666
384111070
296825538
197327118
327037671
80290925
186988251
208378893
429818737
367718321
185870756
109477229
254747189
416763615
104558412
117936630
317139504
23768218
196048185
471814825
480081486
379181787
116790265
473704428
154891822
103470048
23323767
371321616
421285213
487581956
482580821
50398645
97393195
196644486
47236227
464085518
331211203
393212821
352370992
154262287
21915331
345800593
304709948
498552646
49267394
490745658
497683017
187395736
222130255
43159277
359181032
27651797
282381883
412969311
261147114
365816825
83745745
291086129
85826827
254715010
439793585
400426562
241523270
297846801
132563720
398806225
135839388
295021437
160009024
43109596
303242377
79578289
246825031
379010729
118386105
20141253
154994927
297846736
164564937
403575758
75823016
220821739
314080980
215760212
293224279
404661048
282673730
449747346
475832795
163113633
90823124
188886006
465642638
113213932
406842404
103915484
207699964
474168218
362302646
388383403
326807086
247858525
171450315
215237572
132881570
409421888
222142731
263323001
171315492
414712786
345251267
155594198
174557435
333165609
74146123
463124206
172475375
86960754
342964277
429644467
368028148
328702123
311744967
123710747
395212195
333104846
28454711
381977458
442430950
388642694
30427328
191190916
291026804
312914694
387941053
29171266
377003834
439734543
384334004
258194642
182369405
51580857
472491478
47700744
133386522
247134221
361217168
86210577
209543616
463282358
167633520
372691860
397755665
94975394
448330769
194899714
311839798
39189711
256445910
216462662
452822564
307776283
415187425
206213447
311239520
272616541
145653051
42980787
102795431
434255361
459639906
457829036
115810450
387441877
212759555
337411028
53431491
84216895
416241836
370169921
181096947
419283752
100138720
124082374
26566891
32875339
327516647
440703519
421632465
169844036
81285291
389336235
397214637
212097669
390117986
64761181
244419973
103556804
74985008
444009310
254519099
498868852
206610587
237870429
166126611
470592888
453166730
453534127
305689684
93848920
194237663
402938771
425264783
333725128
94060497
400411626
400744308
229493530
462368913
470497381
409997700
286722966
450771418
67517320
245037611
391539028
198997912
45418689
439620527
429989123
457021100
454750502
270916419
384808544
247806160
339204004
393130189
432156741
126227992
155535524
99365788
382856071
236900287
432260731
415471583
172164247
244597443
296903180
204205493
264948026
413234808
410425266
235945290
316114347
20394333
157760306
355285477
392098243
112833164
206628447
193545160
266492251
159409046
151493078
148616320
150161314
102104852
179125847
499773690
419207505
94517621
337748945
475828344
127520453
297825820
98146885
314359940
367321866
141492940
153661951
321407770
196063328
338863710
418235851
181327475
138158231
31929951
227933740
216588112
493780051
143435265
121738969
379383126
277361407
180628399
378223303
417530600
118584721
201212914
346539577
449031639
401322459
307937089
153978207
179200788
106747530
186370106
67847607
125424419
59514080
63963875
91715634
419407235
433592976
120476839
379637146
237722511
176676867
346085615
243890118
363414022
452232302
191805028
458734010
302691972
275364591
370665724
26651734
62653217
290760135
51918044
240915999
442162609
112284611
154704532
421171330
421532582
139490820
79644121
242231589
495726983
386714511
37328054
338808178
394085343
45461641
205490232
399719280
276376294
280473054
352129430
258404557
263800271
404915658
206008371
332511295
75866778
20005218
270996664
240295723
368169301
360303841
83430829
423414431
484731517
349566510
276724188
476935372
437920208
147141398
249126148
232059065
131169007
346114915
390108886
381406061
123625873
418123429
481392690
82223245
96681098
121685781
360662991
229128208
359318369
184003743
101649043
462822526
118521402
357255877
392700043
136940419
474856872
426339903
142172436
305863703
356135321
399191433
384119297
126425165
218078303
452953339
459401222
136478596
401734643
387446528
218944130
272802168
106220210
418314312
23563879
337431248
171652427
71873581
457449735
221526197
492423244
165375720
185251049
160163874
478623845
322899185
403843334
421337772
89557323
456951915
392054434
440925697
123608536
130319609
386555445
207098468
304237499
385356475
277198678
86568178
480595122
353402975
231009641
415774690
40713930
106062953
82809405
284841388
231820817
91641716
423086999
350052258
477854947
228864609
132747306
467301710
466721834
348172311
409958370
398648752
262593429
273355914
62878442
88507495
321870150
216840743
229337240
361477197
229709766
250514196
142014497
327207708
209688394
475308309
461459749
76669085
184065658
404848859
126669781
167110872
485454835
149408967
263855825
215608991
92773102
461645814
292272695
369859600
180522733
347542243
419384204
94891211
164601003
220025745
348530449
21370003
416606516
30416722
431544926
436403345
312730522
291302911
319629096
238498975
325056858
420047128
311938017
428121521
365906130
391607585
179137011
498538856
92555651
272758995
498274605
426405181
30476317
65580471
140868892
178396608
342637069
367425842
478218480
189090301
407572212
474509552
351007891
389068794
480793485
289961272
295432124
490496689
84238374
288973173
212958505
465857626
347198368
337196612
180864649
463214441
345621555
436450686
254694601
206124203
58435300
92000725
444571047
311315347
116332847
206733929
395591523
65289153
251564746
106525552
167521156
243870131
204271721
172329348
153454134
76101109
488507537
61523808
151413509
348103117
150434824
224877574
275858266
187022743
448275500
240040116
209804144
449887658
61015819
58836717
239935691
478101992
150631639
283639064
221904561
315874810
289294556
156058827
169714485
429682667
481979324
329480650
484103217
191793185
386766481
381969903
131577757
452765346
366048209
370208371
44215915
283755745
494884205
138661082
441204067
148559000
206660502
459059727
398622063
387084982
477803140
465419655
167927765
235302921
263302902
342571705
88858078
481621111
39046649
91314840
59680606
146674481
401058412
297517892
211450154
361602768
399274321
330051245
365547235
486917472
436065137
198362692
488750150
456466223
73248111
193014520
207714746
349580569
240964852
443357994
450347286
41510837
346248744
98301595
467141570
51899900
151878300
118612470
413361359
398718340
107395185
124849156
485597360
196254442
141671001
476622466
196346032
344032923
217060875
180021433
186651853
128163947
344498837
348945240
79267296
453861969
229014104
101677786
400448557
121719648
414151009
114787692
320986298
264475686
328392677
313026957
156605775
245700019
477552653
66172062
402850018
446940240
427396014
493756447
63961443
266639745
143681172
341039109
205894825
31298600
228102541
255936284
293690382
160295480
269253632
327061162
267396652
181355194
256346804
38336877
190431700
396043809
59724603
236911024
278385763
54002550
369126099
362990819
321422232
253074331
373434737
344584577
493709844
379629986
393687816
176016103
451932843
333790331
379883327
449376724
434018144
496017610
138377864
64466269
92082575
491832655
391495414
304971867
310592886
479287227
204904870
120481541
39362182
23660437
21785295
349820452
209324015
411254043
349240434
105645359
288118163
41793878
89962138
173353255
23598690
97137859
167958316
225050739
129323306
440021704
171090080
55513346
448024099
41834848
432812655
177476679
354902258
131964805
78103669
219555076
440980907
489825126
371534985
401422931
233107058
426133606
144375284
185205676
65680415
228040196
78723682
216687421
315550355
276956908
447228745
496144265
70080962
107725112
329117773
91730835
183133601
71238768
377554354
212419752
447025691
244303177
116692836
120606943
487802971
164122475
168489958
317660101
206247403
487713943
493222014
252163339
92558534
126028485
355475817
442048518
93403108
331378939
379150256
293186260
129232314
214538811
83252500
282791496
204204508
315438687
402539628
191555947
225141191
495415033
155604792
184051935
285321490
458129874
456703222
389255743
140846278
209381507
376898533
69160265
274355130
100053663
489476256
120929877
473758234
433932439
302045619
274029951
456844114
358455349
69460737
43537253
112515651
497973796
498314108
431528683
314008066
24894273
450752003
135837569
454604231
327089004
459518533
234935512
266605328
80347101
458674468
162437121
439856167
157861771
233199987
208568378
275301392
341648552
313547578
57788596
172711059
52980514
352389863
391095606
206143455
79565145
170088253
381163020
280180763
287730276
200242883
64439191
217457748
180907338
225238876
92701922
159717487
463689306
259385843
409790030
181253281
112374340
145421716
301375679
44697096
142520975
446431613
30881038
209667436
50677801
437456626
421102268
159229346
68308467
402826218
408625200
359990243
64133749
480894019
393036170
30864362
497889153
361364092
399975980
413510072
193211452
59023775
453717458
167085347
116878656
344122575
223545290
404773745
177283126
99643714
60086793
129445022
349328354
158885816
113756118
47512864
380990555
48845032
102847477
65397593
170336351
365903590
90456519
274959671
386226422
274406935
349732377
457759960
176009865
215069518
323255803
129851560
355956934
386908977
390365007
292720816
135181855
389118492
125339163
226879419
407923406
176038878
119131522
167353510
463096149
422961641
493967632
238520012
134289746
180822379
27101116
68589523
75398663
301491867
185302123
390836608
44982592
142138143
106080489
403855408
479540052
64589102
130449065
107917652
172416538
261389388
40363669
300074463
149268167
200473044
304031885
86345366
472032292
294819200
50629190
400382267
265081545
103044865
260306706
201806678
189974790
299433393
125481495
270304285
221168631
305961005
389596269
119310594
343204461
231179282
27610471
149724494
290793945
120484330
336703804
271754281
178185417
178298417
386044767
29982564
318927120
119484413
118853464
372075523
89214150
102098013
90294004
412359410
311844634
373996486
426724448
238921056
26044520
205974498
473589999
126144477
325594192
66106241
59155912
289033930
153280801
56596368
100541314
488774985
314183903
439613658
86351971
381894421
127313254
412751310
364889977
329602807
68125106
212173932
447732449
465322141
70955076
43811539
376963450
68819594
362839991
94511019
436659590
138865792
251854747
41380558
260176586
171840049
234148406
20021030
496998937
361882889
192799128
211116358
392385412
325927982
142616333
389467487
448521831
410243299
487453709
43614527
370595051
58331627
441312688
123361565
132791948
91907957
101426448
332888692
133978672
139929593
375035609
30057620
421694281
97919925
401373065
228242664
479234245
166500326
278585305
363427565
233392084
160036223
38953511
350652206
245079598
45820370
487346224
233567201
108217060
464393371
78249641
342654183
358096465
99786075
116196477
142441588
129028026
348418572
234147339
171882114
51390236
315064788
127856963
452488177
215912238
61855755
406384894
51980089
417941056
359137317
120605036
430312958
242286432
157287833
332592734
380664759
309106880
300771457
113233801
463396659
304550238
181874475
69940195
48004574
127228536
76924034
319266222
198685282
371902417
127858216
239364981
294897198
490407562
117846544
306179617
384459811
364796595
51981284
262737744
67252392
185479508
280890195
429173493
390046774
296240717
210464270
496996391
203522070
428483656
110136205
87381590
30017803
53187870
252745402
327659354
416868458
331411603
233361723
398899229
319970229
424947704
493306618
148998602
81223634
322128869
151744270
40323522
173795193
366416169
422003622
364784749
343494534
157924739
401124185
68033177
148138452
65433568
181412466
203002516
142583899
209684362
404201501
440726702
489433700
127627994
122817050
313896391
222901673
241800334
210813017
291369918
317222871
429634607
56930377
222345933
448097953
484661784
59345167
447220544
104741947
393069184
232805325
454715586
275040407
328569589
110962828
491485708
150500058
444319814
373569552
315146087
128692169
461531687
232216869
107206116
266810365
439139208
292275531
126526730
158422012
228275223
111985463
431718587
246310820
371659502
75115207
148147039
444406374
68934233
419151821
111261860
449961558
40052910
198164057
253951402
437465818
262119586
268939690
189525478
376711531
198382994
89794790
224810924
56579213
405899626
333796628
186845964
394629294
188238355
425785050
43355337
459974926
313778357
77657348
114794362
62565168
199553581
179115874
42222906
95049541
226577193
395293991
429641725
379876788
486531415
356349440
405842823
34024138
221532429
409273832
313691899
106373572
370003385
414275263
103745531
240194668
185147290
458666558
316027299
408750166
272282416
89740354
462669461
206436673
496209298
268773394
201472461
136572589
233575686
196668804
180511007
168296520
158085229
273763306
413620351
386431746
128178445
218870733
82916762
121909524
324643129
185914145
99510544
251077263
192954559
135145496
410490393
408804607
366413473
367271970
325168009
126020806
244578459
250808749
42507274
62092559
307053108
366808293
326049401
419719947
263165754
332037813
267783537
149489597
252228936
56471082
257084689
105869536
64570397
29948682
248726371
420514356
285092175
381593122
99677304
476495234
115168915
150884905
172561485
445600648
77480570
190110604
109717370
96072753
290320087
135013298
468498653
38714612
178965856
466925993
149253308
273651272
192799795
47219025
489891776
386388105
325221038
163954470
151131238
457304214
445590701
157012021
271326148
213724460
301287580
352758273
195362256
357677160
373643096
57620660
299703004
96371015
57217581
302405387
342631314
186422326
473791843
249607560
361403103
498759094
163928321
219293913
446034301
144406663
478332527
425298016
118673036
60546063
362128129
281130235
156011152
196648757
270146442
249316741
156571442
492234286
110132877
419569243
190925987
434776789
21386458
325192351
263509813
302869992
251370433
344459948
284151701
460735847
365390957
31261969
266274293
21899495
432875635
223365366
61847203
236798043
390381328
216802968
341729371
195342804
191313885
336046444
57337942
161876585
449952831
476263563
395559216
406631760
177902121
84438133
348789828
108420515
383171934
32313384
71832895
213429920
165008596
192208550
408531236
464630770
187045664
256941022
261072210
463492800
322074630
196634755
215511299
176656478
481705551
114864398
475584086
136613990
271072698
129267341
29924676
64201078
363339531
144388465
178397811
118739368
80039947
42076963
68398173
161555895
29343717
213628618
138856710
77362184
187316457
408266915
72119679
364969108
371317200
293431327
412590315
145105909
138555357
152377756
362398913
175316565
415100134
354194020
30508813
255700403
341589634
25542903
29363612
134847990
34652031
77233120
285171625
370239128
377627406
437017155
108988047
388426980
313997281
324885728
155202676
201477314
261920123
433008493
219420437
429313589
224737739
467243291
289774384
286907657
52574314
209433304
409014623
84339890
297018497
108080459
485714128
235988124
163971305
212709917
88328577
330501484
458390103
416610943
301879157
70565341
296653642
470917625
290548749
32476799
174962832
348683228
306035319
379445237
281611920
110845048
67892953
420654177
470836331
162594279
343294219
271763208
382770114
264564764
260587215
464811517
131529950
311668112
241075699
203477212
162212819
106169127
437621288
395957496
347970605
471906863
386169301
318145335
197312685
61037137
444066456
250355789
189213327
233723106
325547703
55484723
77152649
42572122
382487889
112798982
326630890
262359855
108741675
370708555
425825361
430565233
38726658
121804993
394978988
140772216
28801812
146649121
281762657
185356297
95735626
296175915
173548643
397391716
198178081
138405225
48267407
400144636
37335671
161729023
159013188
60704096
447731673
146272250
120314978
311824096
173762895
360837412
73028668
132504348
368685002
165269952
255987030
404516995
406737813
302437150
408507357
486040666
59071260
497327684
358932242
375641291
216874170
315131665
298450078
347125395
178526604
475878168
283822434
277752037
459348335
361918314
400863136
164015904
191253489
255899502
422586382
97763819
446960891
371948842
498214379
293827335
82993265
282174919
72153399
45726717
192490089
328070139
363699311
318263270
152052727
446197642
312274835
329554177
269836360
65791236
28648551
324069541
128432683
369141961
312187921
225226704
217527139
460585981
377288353
100878373
47211833
263592763
302676926
46762621
387448971
317852178
80132039
36408675
308313286
323840581
419603280
81929699
424405481
318014559
446222287
69611719
214551423
192342466
181009481
340581466
418372308
221401126
109599773
307900611
178331250
116340886
380519211
271776359
464842421
63800862
288759555
498285356
267541238
359424044
121613719
170849459
289156919
152817824
411982898
51001200
290096420
173392451
119402375
251380317
259395701
106585886
27598266
180640601
302491922
86688364
259811241
315477304
340229012
221066089
219095657
364299103
133520071
177726058
302291690
177794658
344149136
345178060
353769444
394082911
447843044
373919636
104168230
254026398
170008517
129499633
197204565
44298418
463593770
420369306
122955062
134063458
273747448
203021454
336545531
495487926
312059944
398244676
117451709
261389058
146855461
211440431
343662851
394896016
288082990
288437249
105659273
441894264
383353672
227083684
148595219
257101770
340275605
259954928
212414256
406391777
148553758
474087408
64950559
273748791
133196969
237988016
474102020
187087319
153585689
115143983
28922867
395733436
383455796
284909484
368166651
218755004
197531010
463483857
440647223
100953581
67722273
434244483
105494988
188318868
329808654
444909982
250988386
320016008
51764818
132053314
414838960
193064068
58615528
122463395
406578999
444515202
91443716
348632070
346264044
256727409
450683151
380495592
142040600
397417291
67492926
385733866
245163638
157903771
161343337
244282369
316982816
117848318
390689333
354284134
386039826
324255588
341011778
449975066
323031722
204925059
204807540
368757672
323146665
424742303
394425490
382564690
201902013
169413976
470818421
442010040
