# Additionally Excluded Points with new TGQ maps HIGGSINO
18938512
18302999
14997977
16536526
469475
14868686
5978351
1831563
11567114
18489324
12328683
1492816
9984663
9252281
13414862
4926103
1219496
6381249
19003630
15592038
11273903
19616770
18747911
7937322
15192640
16690583
16551644
2586870
4428077
8014197
15022802
11354244
19440019
5623404
19044850
1317328
15161693
4432988
14102925
2056257
10629777
15450514
5637541
3988185
9957467
6385180
16509154
12900864
19926124
16656872
4372220
4993592
7005023
11482099
8878854
8263020
7883484
7991641
3135736
19306878
9394916
8214669
17173980
1101403
12093300
13998726
11106830
2279198
15125844
2771125
17613900
1889291
2507898
11561972
18415315
1309496
2411394
18161247
3530892
17772510
2685532
6855807
6401552
1423810
14768431
5510165
15545126
19928852
19835404
4431291
13511013
162536
7264128
3642466
10786081
16613732
9789051
2394929
8594387
10299232
5307140
10120701
17460831
1535946
18325339
3955208
15579924
2619098
4591584
9968883
14651751
2396982
16673151
1606328
1955627
4396996
8813617
11067740
1142642
5771385
14664710
9955028
18180627
18994624
7367497
407873
18604411
1668058
11575564
930651
1244869
14552363
2997952
3287962
488890
11849622
6476617
10904428
19464122
16171198
12561685
19923467
14846096
11946638
18911450
14324163
10475533
17950775
17019534
256076
5665551
6644841
19978146
19428324
4944073
17471916
17589782
14753329
2540095
19471153
12503982
1898316
18596944
14494104
561004
15136926
18273815
11926712
714277
14886978
14820268
13570741
15573967
12013834
11923343
1888701
1869595
15536931
9494716
13446937
18966271
6539139
5568943
18397039
13679292
7047518
8336099
17829
14652838
12581557
18137559
19865881
12870617
12131455
12781833
7342558
12444923
12853829
5760171
1446452
3164976
16183011
11898320
3576749
17811711
9579668
1362331
15200117
1279613
17952939
4016114
7828302
1934235
5186786
1655525
8364462
16745691
8482816
17575878
17422891
12842758
12993525
4438928
8854973
935171
13296300
1982492
12443303
10572410
14372053
8828990
8560753
7223986
4973154
12207512
5669648
7790259
12899846
6562001
12048962
17788881
1740499
16332173
2648005
2513852
7108536
5214768
1388161
17112637
725047
51472
497493
15670673
6561947
751158
9731476
16695232
2044066
15666774
8106644
8164353
7422828
19537288
5292341
3458546
14231153
15967331
5410311
16368481
12290605
10355424
1814891
11964791
8349861
8495586
7522362
15605150
8844086
12985319
11642956
3457637
1016146
18739658
9635457
3630428
3444746
16171517
8334938
3112798
6783249
10612786
1105511
13519312
17054940
16778168
2219124
13853875
13118735
3125166
1261748
2831968
12003981
11475825
10947187
14361577
9314568
3423083
15974536
19409270
4591178
14537683
7783262
323205
1927589
1678383
3880655
8908501
17573071
15145306
3680384
17519101
3107747
12458779
17774918
2090293
9711789
3351320
5198488
11946549
16613758
14921514
18156436
15759513
15104723
18943418
10107636
9092332
1504576
18798780
13252116
1833821
14167822
12673087
6466020
2852657
12948644
17053683
5752637
8286813
12239716
18004591
16511874
11511620
1163598
5694956
9123795
13807667
9477532
6938352
339850
9601054
2953856
10255278
18401556
17736392
1544232
14004761
7560620
8275285
7249455
11103032
19937379
11512705
10356567
13351475
13975652
17201558
10513885
9741639
5301241
12279160
17408912
7787038
7329403
2294244
7066837
19835259
5936417
8394604
10303215
15087072
10787368
17947496
10307185
841017
13955377
5858734
6995947
17335676
11710109
10828832
8489300
4844125
9855054
1386223
12033507
687041
8949512
7454541
8657712
8597398
11484490
12740090
810371
19691879
3740849
12520213
15027782
18406699
19487369
18793864
6591980
4863847
14171243
4844876
5811891
17781177
6596858
3976261
19942948
271419
8762041
16270594
3022563
19999757
556457
1243786
2954243
19598356
9831571
3471405
15351583
5874667
2204382
3804607
13227716
14873785
19868415
1783293
3692323
16099986
5919006
3098774
18015250
16990033
9235547
88462
934763
18620836
12032477
9183429
5209987
8570373
941276
3248639
5333030
15100068
172829
17323485
17877054
13016045
14712925
1149657
17529069
5537092
13097641
10889743
19037502
2388710
13258273
7566258
14987115
14688105
7576923
1461717
13196770
12436711
2437664
16058180
4075030
14043498
3262673
2524079
5461705
18718742
1189691
16068502
11854257
10236414
16752818
5059333
4247018
10657044
11643949
2692324
19238178
4349610
16056915
13048076
14566277
17728327
2025231
16792418
11956390
11618297
9405798
3747633
11117813
8716801
812551
10571982
3876858
16175598
19564132
5486663
15240792
17031982
12474565
4590534
12075681
519351
3157880
12367437
10982851
10551740
18146000
17462515
4134615
377975
4004152
16806883
5973654
8664511
17500548
11036155
18577694
6399807
1159932
12382987
17218549
1840511
18994467
13334273
5166417
6910346
10621775
16262056
9579600
4048320
18718365
13207622
18768887
9297628
16583474
14300427
16678123
1383606
19949525
4998957
2109126
14970706
10098078
10834643
10062773
17515921
19172516
12675685
5395238
17265659
3408075
19069232
5626585
19902847
12187137
16838339
2142138
5743246
6767733
15205552
8820535
12138837
16218111
19667163
19343305
5765246
17343068
15128419
12140358
4455060
7378513
6626018
7168241
4378969
19803159
8499825
14970352
5028116
9487680
11936900
3774381
1036495
12816952
8768526
6845195
7825499
8113367
1691763
16548429
2862028
12551827
9838728
17643915
12383480
2365047
19638301
10971820
7567836
11276537
2568565
6904187
5362250
12070006
7158186
16868462
3265223
16618827
7523547
3568253
19192699
7253809
14384807
5074524
19454905
879254
8679729
5495577
15055711
6264328
5965308
14529896
17132788
15737300
16704986
902029
14212357
18992216
8724210
18209462
7480513
741044
7789592
17806704
8086049
12719112
19943578
9097854
17644613
10608714
14445294
8324285
16615219
2338286
2030666
1788436
14186444
1790728
15527792
13402295
17245917
11946091
873018
14684487
17272759
10295241
18496198
306183
4338632
15480728
14932265
5071840
1926646
13377868
13825445
12815170
113880
6620389
5832086
6343412
13923318
17365432
2623986
727621
7438234
16232036
7798568
6614010
18416118
14193611
18540635
16158465
11612339
3509450
322292
10187577
18499744
5920952
2870103
18232702
18126278
248922
16639208
11270324
4212393
12497468
279628
12190500
2282855
2613280
14164201
2054039
10500670
5013692
2179293
4663460
12798397
3718350
9444584
8992033
16574737
1144281
12897406
9964782
13666877
12817622
12838948
9453679
13779556
4794031
12872671
2377551
6589598
4805092
18715649
15862697
11577655
8585966
10178945
3361628
14173357
7591373
9280846
10748865
12076781
4049317
7066574
8936669
10448743
16844212
3433351
11162758
14493207
16213893
16835573
1457447
9261758
18202846
9639147
4764353
8570496
10814749
16947107
7502790
5793981
6546623
3626101
12852084
11285355
11563528
16591388
18509707
18863917
5259082
3663291
3860643
11231399
14667634
1587837
19184664
4770289
1257810
16388272
4592873
16634033
13065985
13987233
3043217
2496432
15063746
4908148
2791004
1728773
19773016
15967268
11147659
13816826
1298492
1707291
12043810
16217178
7745173
895995
12348776
6134861
11325382
7935735
9706771
3865367
15931000
19062991
11790198
3630710
2532577
6220558
9836628
17579573
8185072
11310497
4828843
1963172
15140753
4137563
9322093
18192780
12767049
12453709
2069332
14871330
19756469
16028100
861322
19954893
14634287
15612597
4094678
573160
5818697
17378703
12377594
4495278
14419535
16236560
6071483
7716812
998474
8306600
14390747
740775
8742482
1504357
6478624
8143363
11006870
15964338
13210104
14434561
13422254
3888518
9809781
10909159
4342957
5171969
10454741
18775707
3769205
4857098
13358104
12143422
19363799
1591050
11071704
18914348
6172747
459989
15502658
19472832
13709995
15118103
4841420
13350652
8024610
13203143
9603855
6665786
10385316
6903511
5911746
2441540
3466105
4288901
18458184
13633810
12771663
7442450
3071804
9917446
13404162
10640552
19240171
4542432
15908779
15950624
17761757
10557344
8143699
19041515
13079121
9253199
12562385
9631966
5007564
9309940
12955496
17296190
5302471
3150188
12353569
9768401
15661736
14927336
8662957
4867144
17544230
11796966
10292932
7411630
2599305
17404450
6223372
10605344
3065425
9516258
9048223
13741640
17660522
3502209
1996069
12050567
10158276
2905740
14853848
4153127
5155962
170193
13594913
1325554
1687095
8059135
9072311
16309866
11842466
15728519
18151501
16785253
19008720
4547574
8484343
3269483
1704765
14046799
14539437
9688240
14377043
16215141
4411577
15466606
14457744
1635131
9503947
13963717
10886404
11880477
1780826
1687706
1108740
15202180
447418
9613143
14189626
12691374
17535191
6998162
9404113
9437138
19774684
7931453
7207915
4490388
16084212
2308016
2302653
8702698
18381932
12814549
13413025
12056494
6052251
11608061
19283359
3777060
6430000
15793715
6095578
7701720
1688294
2149802
12435755
10627274
958781
941658
2473466
17210931
4815027
7716588
18507682
14889846
4721736
3497366
5723980
3874255
11982001
6591070
14369524
16521831
10697703
9145552
18591659
15839222
14858425
228871
6631673
13291887
19867286
3059278
19116995
8661200
14953493
12405513
9776305
19821242
12931678
12304643
18984005
2514518
7517535
4332262
16653005
9724427
8068238
17377807
17648624
15370603
7521749
10785955
8035535
5656043
9818496
11282715
4637646
7429632
18258027
18526325
7494713
4395606
2006510
19549325
5508022
14817070
2670887
10448377
3966617
10308440
11984395
19187797
8068092
12549783
50229
7776426
5043372
15551154
12504171
4516161
16799677
3772343
6994799
6624293
12684097
4546542
9074137
2432478
17699447
5293945
2586904
15094969
18120118
2761809
5712594
6145481
16698489
3086501
15239329
4986007
7429929
6965278
19974400
16699320
8594458
19331117
10488520
8668889
19506477
17458586
2315147
9255212
2755994
1894207
14627191
19068977
13563347
18737852
6243790
18339775
4979209
7167201
6072786
2514912
3223944
15021534
2688869
10640414
7574967
19704677
15352637
16943201
2901933
18969984
15278460
17166394
19550465
11260203
361299
6206030
10379684
18383573
11025645
1036660
7935768
8803926
16659089
8181401
2209289
19902746
9683072
6087580
6431210
6926308
3522885
9748810
11180801
6375705
18451589
7793158
18743061
8255105
3187418
7537456
315695
4798792
4833133
6132974
18706500
12040380
3592093
16344432
14768297
7648201
13725286
1003250
13509421
7333000
9962569
9601304
5223514
2373721
9380223
15797903
8268714
17141606
10770248
11527598
552586
1467445
11176992
4935383
12993821
10475391
4319007
19262912
11119287
12912992
5751642
15166361
12021961
6873613
5554592
3019174
15605248
10009645
19624110
12696507
8204777
7158375
15730277
4840015
4172370
6204617
1363286
16299507
16043023
18731189
8774191
18805593
5634818
19905185
15132483
798960
2659764
323677
6834250
1619829
5850137
14328599
9493099
15889918
1531478
12546685
5344731
6290588
4706255
8605528
2316439
13179745
7485949
13987528
9057844
16332577
6894167
7687389
10531628
19717644
3305152
13196705
9741152
968188
12966144
16432552
4452520
8333552
1941141
1490629
17457476
4380025
18652075
2127073
1567532
4501711
2861977
2582210
10447187
14893816
9907568
10734634
1903541
8565733
8069134
7751944
14955381
3772135
11655430
3772647
3016809
14396022
9110916
6709003
5015260
3694219
19905526
13548212
3319347
16990042
12713561
12630521
15033365
14362993
16140111
2616964
13755455
2283055
2324380
15183655
10528656
4194217
3228809
1985261
16641053
1795196
6631246
14176230
18308262
14052108
14778692
8015070
15308153
18663695
8384352
12383333
10837898
378506
580096
651970
8322056
14401273
6150692
3732348
6280313
12960948
3570820
14491222
1708408
3547464
17822195
4580080
14692667
19213858
5337660
6601906
2545492
3785697
10779285
9439174
6247661
5088739
19007399
16294446
18932624
7820815
19712218
12728617
3311728
16773087
12148423
18824273
4580796
11504782
6509804
3135742
7601709
11179481
19063048
14729105
5954888
15739857
7409588
5046821
12142260
420218
15148855
7468114
17472435
18184024
19013521
19003121
17438089
8945422
676217
19524139
11178575
1719025
17598265
4017971
19767519
16727120
17669279
14580042
13344290
12571743
10369590
12488980
19158154
9579635
14115271
13404696
1676016
19881426
3390217
6607214
13142846
14073112
3162228
15697529
10611590
17053573
13804398
17979190
15304493
18572728
8187821
18517840
1712572
7733915
11847831
320773
4752365
8944245
2080004
15291633
9784286
6630993
15843764
5664742
1634128
2723929
6316578
17107584
5917405
10319176
363438
18606898
7408949
1609030
5248950
1027259
1588580
7832032
6985952
11442352
14806078
15953426
15214317
7359912
5279919
13469711
16453031
15387918
17849529
19620779
77919
15357386
675326
6452954
4784553
8754683
19778364
3061343
2002142
14002774
18644504
11820788
11881095
5830347
13157457
10002804
7844667
11300013
2914009
10396095
419466
6058161
13042411
11141036
146139
15429770
17821182
8680157
10581864
10286729
2844810
16837072
14257159
14314730
9840755
7023724
18626804
4816936
19973024
2900536
16999932
9206552
17333669
8897989
1548975
914728
10824772
2944567
3261747
18777053
18694340
4300102
2666838
14294371
1294683
8650835
14654721
12552654
14282947
8266227
17325040
399514
16379261
3100066
6976795
19355216
14008729
7530077
19495985
886080
11929198
2467517
6225219
15149888
18747552
18739230
18903029
10535263
4770904
5971858
13254383
13619880
8422047
4290840
16931743
17245690
16283343
4049089
16102793
6988790
12842638
7335441
9265174
16806993
8069
8733376
7464924
6396001
8419187
13237299
3386697
2455648
7275421
6942924
10551258
14882228
1785159
17742990
7890918
6934915
3736459
4250431
12516013
13356581
8134945
4457018
2945211
4952444
13960953
3768662
16783764
16713698
13152011
16603337
5904794
9633480
12297865
16484129
13312202
4361215
9827463
8732154
18588874
3095668
6084579
9252226
16468881
6968319
6440167
4458735
5347249
12564087
18141378
4534900
7570818
7119082
15855549
13537592
19946480
2661183
1443062
4940264
8364675
10512057
17077533
18017180
4787232
11191906
6701986
3826289
15940100
1889663
14580611
131516
9648033
18374680
88889
16934080
758128
18250846
13890858
4427439
10404896
9197877
8006041
2122461
17448373
14929284
11856264
18915251
9604472
19806272
4478497
2819421
17473035
16431222
9456236
1408814
19038802
10870923
16736471
16521397
18020503
18879119
19830237
2759835
12543630
17543154
7191270
17932318
18771139
885030
18874311
19504806
1636006
2712344
19448869
8637713
4427509
10658917
13083537
17604468
13330758
15206735
5931535
4608941
2605264
4696274
9374511
5379484
1913048
14312696
5973263
11541478
19475981
753755
16063979
11054168
12499249
13766336
11329602
8141950
3621486
9053930
8276707
16009839
5953198
1558374
11025956
3770068
1130354
19012951
773540
11568059
16634223
7070519
4732925
10891752
5201713
6204088
15542551
18577410
9687752
4005905
19727287
16988189
8743501
8792707
4521870
15313940
3567191
6819800
11594561
6391578
16556000
1005685
4778587
3338934
8681960
5009460
18956131
6407091
12010628
3679029
7957600
18885452
18186274
16927797
7880308
8097020
5294264
10258814
911433
9262928
2315485
13890105
10146707
19887612
13156669
19588271
14145269
2896318
19343423
13202068
1157392
11896801
1883068
10137266
7278238
13523781
13986736
8030842
15843829
18084936
10037233
3258670
18287715
437745
16282910
4767172
2824113
13267026
2766728
5037439
14718258
12408526
6262739
6926100
3420576
13137257
1750936
12996278
5117518
16656571
2447433
16308635
4283560
16593451
12180416
871728
272026
17981341
12872846
13349146
7019569
10818498
351151
3324436
17877570
14444710
16346683
16266281
13546504
14680545
19509379
5112623
11349387
1569429
7396831
11943555
17877977
17611473
983771
9675813
1113331
2817645
16151979
9822882
15999262
7744811
12631582
138077
14952008
1160983
4615925
7637292
11905527
5661323
6359331
11219233
6460446
15525218
9413270
1694572
4720695
9524741
19532114
2119500
12530876
14640262
10455898
18219719
14567649
2532333
11309421
3096490
12344250
3577906
19404258
9578035
4684918
10906389
2206136
16439335
12136620
17615759
5928472
11715417
14411734
4310765
11618371
18216284
15926490
11902729
1153971
6473196
14506837
16696010
3125521
16882337
11124402
8303186
6842459
9862192
10659749
6488876
9946047
13859260
4243122
1205865
768759
17892523
13541591
9525400
11686031
4698373
14942314
13990984
2989834
11620248
9768829
5606906
9804947
4979782
10684879
2790345
19334422
7988056
6185983
7825422
4700184
17325259
6573842
19846193
16430967
18055002
3601164
16660580
3069214
6403173
19530767
14946788
4316340
17972438
16641659
9892372
3427383
16730033
3775661
18819706
14241323
9507979
19415001
19181967
18933049
2690895
5556543
15508994
6271671
8345018
7596744
11312214
4322892
4822836
12840818
16677406
17633434
3458493
12237554
12538527
1860744
10804856
8323337
2260344
5716178
406874
18842682
13766949
3686860
13535544
4850272
4632797
13417673
2982463
2673494
5053840
14561998
5350101
19748325
6495775
17289421
6884176
8610707
6009876
13239550
12151765
1937163
719500
10721029
4451537
11220498
2361065
12492416
1521478
9389257
1340635
11291734
17884629
578097
13988909
15042600
5546579
6893411
10133933
6218162
824602
823817
17697708
17448557
12411092
16066897
7265335
19600089
9938435
930823
1565405
19923014
17970165
3453986
13182151
16905613
1598130
2530767
8538065
11397510
426243
4610522
15658305
5895736
17465014
8806022
332693
3586398
9432271
2294088
19807334
6816735
5575706
19900925
3144050
15973020
10811979
11879504
16529179
14576613
1317031
2371959
5120127
5500025
11050475
18315888
12949936
11923153
3232540
9436771
13099808
7078862
16033172
19670344
10347122
4900953
13627576
16641252
2115594
13161395
16869575
17734908
7539936
18733489
4580967
9664388
11311605
6078801
19533639
2069811
13992789
11684461
13252417
17763307
12536552
2491173
15939990
14759365
17927452
8518338
14927679
4509827
4178186
8692257
62014
2040770
643773
14777599
18159852
1822123
16967448
2544232
18942598
2174750
207568
7707596
11149637
4258278
5587203
6018770
1080453
2644250
7591252
6616603
18256463
158125
15752337
1223110
15433149
9933489
5754985
19283246
16208366
8929956
11338925
4623065
15620713
18008326
18293749
17132091
1120468
6894513
14656528
12560968
5078934
19261246
594028
14483807
4542188
14108295
15670107
13242232
2523780
779815
6340829
511728
19509600
13703048
10193195
9199327
4409749
8950202
14718599
1998850
6328682
5213904
18559578
13249375
11484390
14901884
2100289
4229205
3867649
12381051
2276170
7692042
3976442
452926
15328040
12185333
16411404
3402994
8748821
3479392
8513156
13047983
18426031
11482491
19676325
6151392
19843887
12777501
493471
26311
14984157
464217
12085759
9425712
19609397
5890348
12641320
16640713
13131008
19175638
330945
6368925
9620910
25533
9905901
15313326
6653260
13968854
10180420
17920894
14790482
310228
5013066
17489569
11864505
2951133
2124474
453029
8658958
13736267
11622714
11324826
11502939
12375489
13341749
444890
1425998
12626327
8496517
5146447
1415540
6881159
10182441
17019131
19404339
11754531
13469215
9929289
10699686
3983613
10496458
1218098
3469071
965943
14591153
4327618
13665547
14661055
5018214
15452955
11240483
16473735
157917
3093819
9376361
5547612
15205397
15364570
13264969
10413948
18587405
1802888
12036276
13313678
517998
10444490
12010467
5316124
15853289
5295061
18546311
4053430
17100065
3768104
5376210
15567239
15243681
9445852
11911303
10191025
18233368
404674
16965159
3093925
15477523
4670919
17947085
11417849
12193294
4729780
727441
5538118
12050000
821281
1970553
9433667
3326508
18267616
8123665
827587
13963211
19167738
2795545
18652859
5180664
10648810
910471
17621487
3586007
15241388
8648895
12018070
4105009
10663786
15900023
14183921
3078185
18013465
6416397
11858904
195152
9151510
18820820
103253
16194743
4800472
1114270
12804302
6380768
11119359
16257794
4811790
11406288
16979409
18561611
13171799
10654072
8686571
4175241
13424744
12934325
4940655
18153290
8164515
13421059
4497977
5913856
17229801
6307378
2166523
19584772
5419708
17992978
2577252
14576833
18140634
6348816
16784406
3019715
713281
1911399
3950817
5263664
2465893
1398723
19930094
14796238
10693064
17096037
332642
18300219
18831566
855605
3114430
11599810
18931518
13614350
9826160
7035557
1669473
10459214
11611288
9696643
14101036
6151305
19391012
10890717
2350458
5052419
17903126
6336647
2015092
11891163
10911999
14711301
19562778
15143295
17500583
18393245
11852670
6827363
18977704
1278141
19662521
3808476
12950117
7186648
5770830
14305128
12008060
10422931
3697113
8946321
3258017
17774888
13588382
7468275
1912022
2573847
3436124
2996916
4421903
12223980
19870599
8059460
13551633
17908573
6251766
15362167
5534121
5244114
10450797
16184989
15862100
4401292
13607601
13268335
89327
7952261
15349125
9945570
11707421
7280272
14270910
11370504
13517137
18931007
13138048
13837031
11895530
9638724
11040330
19908270
2995995
10754641
8656313
5961046
1787514
921841
11188398
17982319
14293655
1912728
4972518
16365002
11335398
632593
2143929
702418
8718523
2794194
9746420
6629487
533740
9205389
1078594
11636337
9146856
52985
14027292
8736384
12920705
7021573
4491938
16830331
11661795
19759164
9710678
12928493
3634813
8869438
14330746
18530947
15906322
3840540
271927
15230943
3582623
16389872
7933299
6833917
647807
16810311
4375036
14245576
1962195
7581771
12763639
11091234
15496354
19089615
8607186
19980630
8536796
13568090
2444089
16087117
7772197
16446650
3212672
695619
17999617
5130020
8472744
2336188
1254804
15130474
11786034
12331459
10821940
19226579
19680637
17964441
11917076
1705317
13658878
5142681
1197154
6053974
5937727
17196514
4647418
16191052
18980351
11051658
18489565
6414205
285700
4709747
18420822
18626933
15175576
15383061
9045015
17343836
15523067
12683103
17074602
18210987
17725760
16353751
3039965
12755875
19442977
8314263
6128063
13336840
14639805
4240322
9071456
16166203
12003549
11822839
76678
2312533
5212980
9982343
9207667
9812247
10863940
11645538
18586976
10828842
6784912
5322061
1993299
16889138
4750294
17703150
1725985
9923998
4320767
4145761
18402352
7948205
17919602
16491911
7324217
4514245
3709788
3095974
10575061
19495417
4337589
15610034
4089527
8807893
17880296
1567929
6610252
13390029
9166636
7424106
12440397
2925747
8834984
17306722
16369656
2021188
16660117
11081769
9749128
4383152
14210741
10268134
12149703
10994173
3818415
2772163
18855766
8977867
13467459
7794987
18254843
6450516
1854428
19749868
4436005
3474631
9907994
14663188
3251517
18374371
14002270
5800800
17615494
14737291
311773
4357125
582931
9684869
19164576
17659224
13891544
15578394
15021866
474822
7339102
17275232
19255196
3343903
2025450
14053021
11614915
2679830
12130860
15610492
4354493
13219480
1085313
14210418
9977305
1272559
13896674
9870978
14279343
19318467
10908040
550671
15906154
17203239
8313844
1375115
12244715
2795761
5221176
12140114
18792985
16457441
10219333
3138094
9620158
4492070
19558754
10979761
2215627
6611388
160065
14336373
10816002
6742905
5174628
8739520
6079089
4516098
15687114
2056187
12928713
9626929
8988454
10789900
1308644
8078263
9259432
19495265
17557486
9156056
3536699
1573938
12854885
1899717
13057160
17133250
3742517
6722784
16776261
6637163
8585310
18004393
1527445
10680131
15017003
5605815
5198266
11492763
6683187
15029914
14038463
10529731
2088910
19914223
17624294
3417671
17330051
14901741
18707634
14628648
5983891
11201554
17819390
17341971
15121611
10541856
1217689
12193832
14909884
11291095
5683769
12197800
3516162
15131241
5396093
17078467
14796302
14795226
17250268
14874734
1941343
5671064
16850524
15312586
10849755
1289971
7505832
6128475
4861017
19520913
6776670
12619298
9018015
19721794
19497319
5153837
12061453
8478979
13106396
14959107
11364044
4101672
1944499
11792034
12998144
7755317
2543718
11936624
3305289
5630824
190329
7141932
16191069
2110951
17274439
8352605
8050598
8405081
8676992
6948780
11023910
2293564
16078668
9322341
7441443
18381831
3537120
5548724
11875282
5548895
10723801
3894649
13478224
941293
19054328
12557203
14523617
2732465
17251732
6289636
17168689
4336437
1593872
18872188
9106340
4536268
17244798
3893546
18578911
4061530
4795322
7031152
15876489
6011329
10999067
4527867
6994997
13931938
6918473
18319759
12278786
847060
19432286
1417756
10876439
7107115
13081179
15725416
5372169
1096379
17248440
840008
2197851
13382356
9918560
3996797
604775
14741557
9444597
16188963
3251857
11811819
12693361
18359049
4296321
13129957
13670815
16099757
13834378
11639747
9031869
9645425
12366604
12939544
4386142
4631359
3184330
7472973
272537
18550505
12751548
308754
2777041
17069765
18335564
9901757
13514915
15130015
15774591
19188703
2516616
17031697
19140601
5398334
19204933
4135995
14499150
7612
4074979
1902652
7472419
19492816
11458596
13619599
3651333
6182733
4975986
11577147
3932566
5488678
16143569
14021130
16604406
9993930
17945608
9072575
1243339
7770763
16821135
12600808
777384
19034907
6529503
8290631
9697472
10420453
13495610
6328674
19862634
1008149
5827349
17234589
1345820
9999637
17673057
2895398
3254887
10206477
4494767
15804402
12017069
11992382
13249003
11233931
14325966
6762609
19380020
9965806
16611355
922330
4105362
11914392
14373529
14776703
15722787
8417707
9097651
7217333
5504001
1770182
15662329
10150922
834917
4626293
9591752
14159440
7437328
12612123
19042632
3511644
13117665
10111348
17990768
5315260
15531851
15496939
19216921
13172747
8630665
12403232
5323736
10232838
5074864
6066488
4566257
3941425
14738202
18865336
15317324
6151965
5610019
18517426
19456212
16055973
19352436
15558130
6900414
16331402
7731165
8370302
6113825
9383952
7265111
11034841
1847460
6972997
343309
2259064
10032941
18363200
5664103
9931604
12933333
11635111
17721840
12839710
15621571
10676507
15485222
9385268
9366680
17657167
11338259
7616358
8509489
8151666
6306344
6067054
17229922
6510299
7607950
10698540
10960624
894211
17559215
13710544
3219631
3824194
18163473
19755050
15694769
3956075
2340052
7094554
3119127
14338695
1002712
1858602
17943002
13186189
4217982
1334439
15308463
10511077
243004
13437665
4394813
15408951
10907326
13370295
9951483
8375573
2067978
8031439
17861926
2873148
19865211
13883808
13212610
8041358
118298
6298755
10748633
3306527
4282034
14852977
9236854
7577094
12977638
1244930
491363
8352473
10717343
478042
12810066
12810064
17678224
15556991
1597818
9770155
1187192
7630255
10021731
2211023
17269913
10999140
16380748
5010704
11223981
11537371
9610783
6406026
14564299
640354
6839530
14175498
14630561
6143640
6721018
8322706
13812397
8003074
1524442
17259600
11195332
11589596
13861571
19526165
4586686
13397246
10373776
12849208
18097009
749920
1343868
17013931
5431209
13058242
11518155
1114534
2125461
7709122
10670900
5730937
433369
5679012
18966330
7774401
330527
3917723
7650946
889413
4237416
14579528
5577188
3813862
1237699
6331955
19731365
9322838
2227629
5513275
10476802
19289429
4671165
7725391
13361970
429360
9698572
15756011
3945910
2810023
17587611
6800680
19264343
4984690
5704607
2247439
18199364
1875605
11027350
13248655
16357582
9089733
16650670
7849997
3745056
19873823
16779249
851205
14077321
7520107
16285525
16063044
2782081
14032119
15781346
19299220
6712022
18508393
5561193
12091269
14590354
17988257
2052847
18727744
5505084
11064462
10715790
14878607
14852028
15170406
6554736
15064734
11853807
19304863
11686352
6259176
13293099
453278
15395274
5780558
11432972
1945844
3650985
18677724
14617499
3529667
4401371
14544515
8953862
7867802
11478396
624491
19421169
12970741
97080
1004395
10843917
7324803
11931263
8710503
11140463
17598772
17054514
14998548
14472708
2614105
12119246
5284490
16322972
7127690
7578960
4224276
1538975
3831299
6588733
1475766
4987754
8180777
8897884
19879412
3916064
17609524
14243319
5663862
2681189
4170931
14768094
17954018
3951697
8848924
14518560
11516369
1178185
16679540
16247608
2940568
10683608
11267104
11909498
19467764
1243404
6848388
12591645
4601031
3661620
4456840
19784617
19348116
478451
4248873
14434535
6602477
844653
19848733
5854378
9077513
14395154
11780729
10041227
3035678
10960635
12658587
9980554
6039593
7536633
10835156
4429855
1939872
6604911
11252515
12682956
18996285
9969489
16847644
5795737
3199924
14680341
7665720
10915386
7462917
1804435
899339
4883545
13632533
2026462
9220261
928442
9625021
13120896
6853883
3020351
19424307
19147598
6384192
18897992
2727281
19309940
19307927
2560656
1546555
8611221
19135274
16720566
2148609
19556751
1196017
13008457
18663230
12317834
16978403
16362880
14845308
12898799
9664927
7192837
2637383
429504
11429264
5874035
7033875
12444367
19248992
14244600
17868058
7746562
6010474
12398174
4863183
4751922
10446690
6327103
10001195
5744630
611209
6493456
18112693
14728908
3603621
7008960
12635353
14126478
10713493
19869077
13267599
14060143
11964591
13205765
557160
17348218
5991666
4485848
3696631
8876588
6061671
17781814
8907312
5365076
12785736
8148085
8068811
18952725
1606021
13211528
18757182
15614292
2504193
6827324
2997530
11606277
16546079
1553051
1792758
4529351
3114053
14963725
9080292
1103733
6988568
14403434
5013709
18189686
992904
17982007
19117529
18122416
3854594
417107
1037535
7007949
11776627
811548
10510241
16459961
9300496
18230746
14667701
6273972
476238
14769686
11331018
1288565
12652816
4746579
12947335
19001973
6836834
8923461
10477960
10874144
7833314
9126030
19099
14453603
8376855
18963745
19980869
16340671
14980390
16646505
7208681
2041842
10111031
13173346
13916157
15409169
11833440
5266968
4092767
9045592
3949042
14693588
7984989
17623305
5756880
16315366
7790129
9819812
4799703
5691607
11780059
15548323
4699716
19522807
4030484
18218118
18723929
3659331
12170063
9687212
19592410
2886745
16232225
9844924
535602
11387390
6256510
11466683
2048988
10703480
5565336
580839
4032794
15338579
15234138
12766530
7638928
2517111
18660971
13221031
19300173
10954207
18228481
18791084
10537799
12710427
16389832
7384566
15068842
10871483
16167546
2567760
11541837
17276000
10182706
18984156
7387491
4832750
17882033
6277656
1009363
14476463
8515793
15708690
2991128
5342225
17943244
6922972
1878636
1620055
7167465
409493
9928935
11419588
6308339
2503132
10266220
578343
5074841
854499
18025149
9368237
6009414
6973847
14556773
9418145
5829186
5683646
1925432
10380124
2317649
11847450
14248123
4994515
11911498
3780391
8064949
1474825
5273436
664778
3306723
9992152
14643243
5833570
12703643
17061283
3261193
8374516
2841341
7408447
17728907
12616488
7135342
12504441
9872988
16161468
8653728
14295265
920637
14087082
2010345
6795675
18796941
19001825
14325250
2645336
19526767
3158139
19382453
19970994
11056744
874961
9725662
12362413
3220582
14739378
10216097
9428783
736986
15101880
13547175
11214166
18645340
18721077
3308122
9965585
8489147
9085429
17032895
9934400
12474423
5976754
18078955
12649842
9538584
5942935
10528561
562451
3521600
10061487
356568
9564473
10940648
12519766
17587055
1256912
6956888
4091573
10436715
1924691
3018838
10303906
5898056
19011125
384564
14467417
9305476
12515555
16325893
6222689
1943727
19481183
5230348
4821106
12196799
9843485
3243662
7734887
18913686
12706674
15323142
9766573
15258556
6951450
1244157
4025924
12177002
1394278
11735594
13914702
1814889
14851033
13390665
9065438
15019173
1618610
19584257
2820410
7328436
15043039
16212921
11541444
12149457
1791057
14369964
7955424
18253422
3072345
3608257
12805497
15695448
13103310
6244316
5138917
3487220
4895572
4891676
19773854
10043773
2602654
1579749
9012658
8295499
630276
8755105
16370367
16909245
1177768
3963995
7361905
5793738
9884514
1315435
12311354
19961472
15875128
6738711
10978986
19435744
1231514
18122030
18978162
