# Excluded before but not nowHIGGSINO
9505693
10073753
4353345
2305000
8656459
6382313
8788513
6181973
7684905
9597085
13585450
3393060
9557939
14718424
866288
19667923
298931
32835
978801
18050883
19563074
11508300
3031586
771893
3203410
8070240
12189089
11253953
2237689
5308859
12358167
2445606
17327698
15906511
6033442
15110068
131204
18917608
10750843
177647
4479433
2591840
6141898
12991837
15284426
19903438
6114272
1997781
14402459
11578536
19473150
12834263
11720739
14228312
19267321
15141149
2331801
13723989
7372502
7290872
2489752
756474
2476547
1713630
4140879
5323071
4572653
2153232
17407668
3540292
10054662
16911830
9813817
8883506
19938805
5229891
9350984
1734213
19143981
1480987
321699
11326372
2745911
15062022
18788425
19221465
8188234
17453187
6243687
11516655
1274082
6806901
17698502
12414182
12783874
14940051
2468385
4114302
18830893
5034926
15566798
599676
14209853
15152891
19772005
12328433
15604513
4860232
18656426
12562221
12190419
14052159
18697359
1144390
133237
4633848
7018307
6851557
94541
11122451
12252371
108009
19856901
8491458
17203898
7716195
13009673
8127124
12048818
7444397
10571543
9408473
10597989
2219284
19371431
14666342
5382335
4071478
12827411
10833663
4948715
17993847
11397306
13328921
12671830
17832327
2536526
2051364
10165964
14598495
17726870
11709655
4757515
8715412
17540493
496162
14822828
4539797
14142960
8900268
9424473
18177109
16649897
2082506
15582334
19059734
8165933
11734560
17226419
6100682
8528891
2846522
17096146
19040747
3910203
8461615
6694865
3782031
36796
3047681
7071182
9920129
17391863
6305287
3508939
2501275
6643951
14900238
2924029
8465862
13925774
15949638
14876548
9819355
19257802
16144993
6518542
2007271
14642923
14918505
11966783
13858296
9061520
6837272
2297238
18311237
12500405
13016518
4981316
12236665
14781849
6748065
16097225
5562577
9323583
13737107
9199607
12245761
17169441
17736976
5128871
12281835
1799000
547971
1032071
8291818
11459115
4387308
8992492
2966292
7305235
15571083
17737374
4945827
5635956
5913471
1175498
5802811
15120869
10869417
19122672
13319205
11245242
17518745
16344378
454542
10924854
5897119
13185069
17985960
9140243
4019570
468223
8448677
4211045
2394486
16170580
10716376
9848971
5021717
4370141
15583691
6905849
19962126
6832826
15782232
17687471
19443959
15141519
7461765
2084251
4263773
12423118
6723718
9626567
10025426
19744028
5397487
19456099
3660096
6510881
390855
12878357
15147928
9798142
4587765
14760941
17748369
13728552
16613937
19260968
8135927
6742026
7145578
13413268
3931338
846749
14939512
4060695
549921
4964555
17343090
1205567
6248092
13946686
4428158
16151109
19601517
18648794
4380189
5248579
10057123
9914170
16623340
8892533
16725154
14171706
18413874
12157102
6958831
3170831
5194016
8694600
4122620
14549566
11940824
16795575
13550864
15605305
12192003
19948413
1497610
15470168
15894732
13450388
18424186
17199874
1875932
18553905
10034401
18497177
19288435
536389
11823246
12060970
3475545
7280021
14726316
13384608
7121404
3936201
7561214
2641672
8263990
18841120
12867502
4210012
4695476
18861761
9006937
8187412
2003204
6423288
16640795
15384057
10862702
14866588
17278182
5588890
13331518
18900607
5049071
4316391
4103740
19745149
13037024
19185747
15408521
6450971
4734490
1355583
3039683
14585447
69578
3461274
9590148
11666251
3936929
7424690
11750905
6127080
9607483
15993943
6992071
12838790
8512754
11013883
6237116
8263005
2517920
16911682
8773307
1982827
8040054
2832730
2921375
15592115
5820314
3386955
11250639
15137320
8036633
12711674
2467507
10598501
15234769
19918297
13078404
16263653
13880801
10459729
5198853
10479438
1556684
3095302
10496504
3588486
6892223
14499229
19994712
628990
5063342
14484584
14166891
17635352
18596818
12422321
2974964
6746494
10307212
1449083
1013721
11844280
9742532
10338607
655520
10923614
17262750
19334282
4812929
3016221
80555
1152064
10916827
6751780
17125902
19531997
11086860
7344392
10168404
2713649
10818750
9139095
17080633
18637635
13705065
3862267
17744496
6436434
1029567
2788661
12880931
11104198
9670066
19562648
2159305
10316168
12732516
15092496
14649286
450115
8735578
18434219
14443169
9662985
16140032
18891890
3156059
17021851
11323811
18180483
10828319
184048
13339561
18332408
17222465
3670128
18513779
6475409
9116353
16362514
11676000
11950711
3807728
3045843
17109680
18469764
966980
8453077
18419285
15600361
13012495
17256646
751137
15250301
6269868
15109916
15018413
15925563
129541
6117324
12570944
3075836
103913
11783272
9697211
2987449
4705334
17496722
8819348
7471260
6592523
18774092
2666169
17589596
3836873
8008843
13969454
6086232
311355
13490002
9341873
7486758
6516538
1371186
18177600
11743278
14616247
3381245
3300642
10211772
19182856
19381913
3654030
4811516
17997169
19664487
1903701
9403247
9688807
6665231
9597854
11755237
11974755
5939201
12599686
10642812
15027511
6351625
250496
8619975
18235949
8851756
11808072
4767985
14830004
6339487
1832914
12925560
13136265
12333851
14942649
8225931
3416310
11709409
852877
11298149
19751069
19788107
16555424
7603169
3681615
4440659
15181821
13319910
6119950
3830663
6550873
8532826
16825532
9388273
2387351
10640396
10534156
9460849
7925651
8115828
10901891
1473545
9895445
4475569
19484980
6575484
18184622
7400784
5001647
13766349
5330218
11848743
9525825
17416390
5640751
4373126
12617865
19887083
15397554
1453354
15721837
13894149
1172332
1028280
14906215
13869649
5484423
14143194
2343430
4978078
10259992
2178463
132900
12449503
12449502
7402821
583374
11621782
15259754
16747280
4894507
19280077
17227826
6266383
13308968
7453408
15187988
5579415
3648608
11965061
10938660
17097469
5313694
13001153
75202
18729921
7219498
10550232
18434005
9735274
6684565
26724
8063326
521899
12528977
2913026
15841884
11004660
5461650
5555616
3534286
9006820
12620361
10161854
1665605
9665185
12660142
12846587
15003101
7889932
15100410
2133676
6238945
8132638
14470871
15049149
7169282
16210049
4631455
17356861
1059445
3763364
882024
2627754
287183
10872924
127834
12802459
3783821
17413575
5565815
8047799
5979866
3976129
17534248
18617460
16527164
9289331
15932469
3090238
17436363
18027650
6433177
17862768
16462565
7289360
1065316
9873478
11606820
14956284
8079317
12772986
11805385
13990570
5796584
13293325
19871921
11989870
1942778
16299180
14769345
2438216
7737856
13409751
4847919
4857931
13429092
6094802
5070123
7911632
11466388
241764
8509747
617065
3330429
18687466
523704
2816908
1476430
18508425
5974369
12340345
2831243
3956517
19314667
12837994
17169946
10205265
11640056
4559833
11638926
3969193
3339653
8604489
14159616
15693104
10356591
8637645
13523346
13465263
101474
10653813
1291154
3106286
5944734
371249
9075999
618139
7087783
1589332
18534238
14015038
11630489
11061778
9342725
13272185
18729037
19802266
1468850
11009472
15907511
6675551
3717475
3328415
8370022
10020363
17160391
13494476
3978079
11421097
15731054
13121490
15453938
14771221
11402713
6195235
6477906
11900481
3489285
2258089
518686
14464513
9657891
17061328
10819502
4811605
3688831
4397454
13405463
11576829
11835494
3341353
9768708
9383032
4020267
13905779
7974031
19745090
12619835
1179151
9890632
18830906
4442729
8986123
3801842
13107755
17981630
3405678
10388069
4528229
12944282
19533317
5155956
7098429
7912350
7770920
15914843
2987281
8997598
6759132
1940818
7226977
10607794
6165653
10327827
13686258
2746557
16878340
18173410
9597138
16395127
5884481
17627101
14409894
9692913
1516131
1420298
15659196
12290485
2958521
14572568
19256914
16275263
10477252
4797188
18072567
1481215
7218759
11756130
13232102
6509829
17268367
10657499
10376685
14628810
18578427
11275448
1517244
2557598
9797006
8364742
15464872
15104668
16246017
6854216
1348473
18053920
3506479
6182759
15061329
10333814
10151011
881586
13522483
11923569
2725195
4166331
2061336
2739953
1582213
16460153
6988502
7181253
985816
9858768
2260562
3855165
9014327
7229468
5182263
4655638
6575480
6109793
11187918
6223170
1404784
9237738
10423829
18425802
12314225
11919777
5977990
900292
8594020
18053850
10350629
7095289
9377766
15425258
18307792
9417632
18471080
13569982
15883148
5825364
5579655
13285919
5228997
3192966
10175682
13357761
18460987
11338306
2512930
8041199
12492341
16479365
11113902
14753446
17068452
17546695
14296711
6698961
16136184
5991982
5991453
18012218
6191023
8055485
2268242
7801830
4273958
9594838
137146
17245071
1167477
4285302
7623268
7101789
4002150
18183179
16632039
12059146
7559772
1411674
15709073
15518458
13822615
1113054
7684477
19738412
2456709
252354
5255249
12722834
6678295
19906516
12885910
1828400
6578545
6986796
11782664
12742112
1981771
17127796
3533524
17926496
2986400
12354380
1278991
1593130
9926564
6635329
4285279
3909379
10237746
659553
18075961
1157880
584344
11964120
4259100
10016379
16226354
17758888
7166667
3114970
7564491
11221335
19662203
7067213
3125202
1823204
1302864
15976634
8910954
15022427
16279606
9556000
17770994
8990133
16377933
14591114
15413441
15275879
14733066
12630172
17654969
12136748
9702022
446123
5926844
16010450
13808268
15373444
11690841
3685123
19249745
5830900
8812678
276130
9188731
8966730
14055939
9441672
2170890
2721428
13607639
9809204
2012196
19581516
10462842
7220001
894259
13051688
5004158
13814165
14970058
8331792
2867250
3809280
8161756
7856531
12331772
18396277
1464336
10214057
7137828
12239212
4519092
16537039
18276168
5553074
13777033
12226702
12693464
14086744
8385386
19574689
10286394
1608398
3424277
13105886
5511053
5932176
6326039
9099516
8037031
16756697
18877229
6636382
10997797
8518889
15552930
10685280
4467238
170606
17273129
4250577
8112059
11949523
11082168
1959272
6925053
1293889
12383712
6581697
18823273
5012976
4011562
8864347
9275260
6901516
16211580
1825433
12604562
8753530
13880665
18833129
1728106
4779415
13419384
892969
7826768
13747363
2152532
14071333
14610869
2822950
16705861
8503371
5819286
14724306
10854445
6516514
4559852
13005525
8352646
9345482
14658063
4884558
14008734
17591023
9668926
1729068
4532436
10474359
14342521
12035881
7372173
9595724
16342502
14514988
13839149
5713933
1720163
3976567
10873316
14380785
2727925
15477089
19050247
15223726
10340369
1027702
14955058
3173689
9468092
11945883
19579605
706070
12308453
7570717
14291604
13488763
16918674
2704287
17667058
13970019
17557042
1008468
1267428
2545166
1044749
5123490
18938097
711605
1331890
12110011
6630714
10882693
9998223
2104608
16706270
8970219
3755439
15702607
14275899
14056811
638558
8046091
12862652
5203171
15713831
12876956
12957359
6250145
17142035
10720174
15700993
19650952
6780970
8292715
5319053
6780977
17197840
5098363
3138599
4499298
18747851
13133961
10304693
733750
3899884
3474023
9017635
14469053
7452772
6362503
5018933
1752175
3487756
13382595
17962898
6532132
13253887
14115184
13078879
8450331
13077292
7104688
266807
19588480
13589208
16946422
18538166
4382624
14813598
5050492
2250990
12773663
12774737
199110
7114761
12181785
3231760
440417
7606466
8566022
4231970
5450607
1794863
4925197
558360
17678883
15876412
11939583
11950074
9927985
16851976
1325936
3659617
11068875
9297101
6105435
11523860
16621560
10328200
17922914
9517584
9066182
14583328
11192039
563154
2821561
124523
19803810
18072249
7792558
8156761
2569660
14871315
540817
18538306
16544401
13700573
5446422
11511785
12041597
2152529
5893872
17722612
5932386
11778573
16288927
12942985
3996589
5082287
3724507
11666625
3373123
4472720
17802987
7565142
774842
4934199
10395128
5855435
14143810
15245442
19911778
2174372
7886929
7131404
4247934
13093301
1877456
17214059
14744136
19805093
16057959
15360405
7642518
1919656
9562065
19854714
255559
7045614
8511427
9754168
15634888
12695039
5562440
585766
12099725
10211514
1361412
8692972
6273393
16173633
14010447
12754488
5075746
9702494
5327388
13368011
8163474
3286075
3926470
2593447
4008880
14849918
2480098
5979829
425744
10858353
17753191
14013244
9785908
18265469
6872547
12211347
17198869
13409204
15622543
5169476
11808924
2840696
6381485
15601193
16764415
11491444
6066139
3879874
2461404
4479520
11242080
12827172
9913102
10366250
12031714
18333107
13952474
14768709
15687792
13192296
16157976
18578540
8490745
4668656
13065807
11185524
16511406
19534988
4669871
1403688
16786953
14167296
3912562
10498873
10405555
6221170
2958316
4773417
17610456
15247664
4981809
4206129
16294039
1799467
9561863
10341883
6827889
5430708
1032778
7751045
12209256
6077326
4710350
9452570
13901230
1496016
10806893
966727
15438804
13251986
12808079
18681988
8995685
15720902
13663137
1650525
1156499
14058707
7773602
18181919
13847555
8937536
6699247
12744966
6609803
18691510
13596638
17960654
11317451
10405102
2099920
12163285
7337511
15162054
9577686
17309043
18486175
7470785
11717823
198897
19123196
18249551
9410555
10882826
10882825
10822552
6656247
14713630
13018688
15252445
7629131
3710112
17632775
6057666
18256288
4910929
6159719
7957977
15191706
9163337
510520
15200440
8176839
9626447
14977810
16072089
19785307
2712140
7265324
1690493
16347009
414837
17926733
418051
11301897
12343791
13182188
5316904
711442
9252757
9232794
13538805
15458795
6950946
5724168
17882841
11220849
18423845
4422243
13458221
12272717
16833611
2893728
3696362
16585161
16552940
12387097
19074693
5152414
17248482
17236412
11499483
10424920
6097624
17646123
9260086
416693
4325187
5705071
3004275
502039
10158001
17830723
18527864
11406757
13503572
18431021
19567279
5517431
15032097
3218425
7089850
4911407
6663295
12052502
4435711
18294408
8866473
6089097
17441177
303058
15970574
92158
10211166
5995569
16766514
8747093
9023215
11443795
9027996
5237736
500219
16828577
16045630
18049381
3632002
18161768
4631201
19821389
2484234
3368456
15328927
16090735
7517969
11696037
4398884
9652717
16645843
1258319
3530227
16925622
12646
16189305
9539463
12390290
11027566
12572877
5605081
12723743
19006295
12307323
1444338
13327165
7354953
4220329
19200412
8499186
16278529
14301176
17996471
19053937
14857455
16069405
19627255
6815387
4018248
5803723
524518
5213354
7264084
18274994
5233749
603274
897759
2995607
16572658
4588388
16070864
4992312
140226
1414609
4783183
18286251
13051374
7386589
11492558
13966162
11564361
2676380
5254402
19336852
8111126
7393234
17048307
14514372
927856
6132219
6530302
12632003
16424566
3509133
764997
14058027
10291240
9939380
7603093
16404052
12309614
5937039
11182381
9124031
5303309
9962551
12174492
17389829
7125970
10331481
8137103
4934464
890887
15356340
694039
12211431
5292880
11562356
14535373
13405743
10710693
4232930
19623649
15215400
14171007
14208939
1480935
8277687
16377764
5660955
4619479
16889447
5918443
13237920
8958583
7550631
327854
9026328
16692024
6853693
14454316
2436329
12937035
5434350
7018918
6531876
12958262
12058053
8234699
4844247
13846899
2646862
12229583
11334812
13761008
11073231
15626172
6019157
14841743
1750169
3955936
8687149
3666014
8788938
8448002
9984626
2573105
12596090
12808653
13645045
10138180
5419374
6587142
5532792
3751904
8826256
19292536
12675500
9149773
4435708
481829
17870286
11872492
14643331
2371621
17113338
5730007
11276281
769139
8106102
14803286
8540722
17703027
9971307
8260521
11053733
18177158
3905968
18013495
8510597
14625892
7851186
5988184
785672
16397914
4793245
3499056
5165835
6726266
10833781
13133995
960536
2877504
7121285
4960575
5264855
17908543
8325898
15761832
16043673
8665179
9705413
5831474
7201041
10481059
11599746
12501540
10210020
5662557
5162790
8309624
15600803
2760465
11159169
8323783
17149352
19043393
9672516
16441302
3173084
2031334
9103484
2285636
14879004
1489391
16055607
15060026
15623809
7185788
3060135
13146269
16636689
15315670
18736909
4423062
270020
5469984
5729442
11144365
9928562
3335677
10146291
4882610
15794823
17202743
12690211
6825591
17393973
14098421
5632645
8508619
11035994
2413235
11165321
13046744
3349956
14116397
1212927
7213732
19166140
7189307
3789234
12771216
7400714
12356219
1113797
12111967
16393690
10722505
19149435
10142111
5893663
1605071
9310159
19606552
3977905
16343567
13270760
14515611
11462805
19735997
5294153
18396165
3089340
2204338
2179189
4010383
14509256
2547392
13849660
6904964
1442097
9962616
14786821
13601625
19349067
7520453
13546547
6995024
6238897
7081011
10315082
4884461
18627528
6831736
3444855
1669301
16466141
4953674
14996346
966305
2493947
8308216
4895877
1141167
4128044
4199182
12460219
9632680
384682
10819585
14692693
3329983
12087502
14869441
15847740
16395214
19045754
1176482
19119472
17758109
12203614
940680
9720577
18801263
14898443
1215687
14816400
8459697
18840172
6244455
7862377
11292652
19412891
3961675
6895275
15019037
18196702
15846341
18874779
7917566
1247746
15237149
7703261
4604912
19033531
17771894
8476816
4118822
12776368
12739283
7654986
16093240
2012491
14674581
8065049
10571823
2376911
9068179
6654458
10506656
6050806
18705063
13127704
1964688
15392048
8521932
5376420
2983542
5198527
10753742
12858132
13505621
2416929
11480826
13886799
9599152
19807114
17162241
10841811
10967546
173052
5591991
5720017
14260346
14612653
310578
11081598
19582565
14985234
15038280
19699916
19465923
13340712
14301737
12150996
17566335
4874534
14123258
7353055
2669806
11594072
2439533
201264
11482046
10097111
16554713
14654280
18111805
7031129
17504597
389327
7968416
19282244
13632899
12337132
2180329
7493353
901299
8112072
18956949
11873834
15679304
11103105
14831979
2689747
8634811
2698444
2609938
11564812
6325823
5564261
9033375
17319313
17894635
3740144
19072571
16184419
9829665
16513956
14381180
12375628
15719617
12048033
8699599
3375228
11511503
12558416
12909510
3093916
8803995
16522340
3979951
10083731
19425318
14881707
10116751
16965853
2186468
11296141
6969692
4399794
6783181
8086238
3080296
10086104
1326531
12677909
10801678
13191038
18641047
10199326
1817643
18295543
17389578
2664968
8857556
13405545
18582277
7733216
19591674
3673841
4685056
11576940
10601642
18808930
15969920
4877975
608411
19169452
14023155
18315758
17393345
7377002
17666576
9461961
16402463
11545169
7462693
4125716
13329481
7928505
16696193
2927098
5189254
3420075
7484753
17825485
9353539
6418280
11775460
16820526
1322985
5522554
14070199
6150985
14085351
8715200
12624204
8911350
16581893
16674223
5930177
588018
6300282
17244169
13014748
9287668
9405622
3231114
9234509
9797047
5657752
19189042
4382272
6663006
1144722
10653080
14700746
8721524
9716077
9874078
19644809
5230416
14225781
13377888
2462417
16435145
11715059
11473268
3596006
2052845
14643869
6186214
1132301
14702987
5141260
11805257
8371485
13490982
11206722
1074270
13516743
17209839
6085646
1715553
2237647
5098264
15305963
15148260
18045644
2417711
3635669
7291852
13198174
17567742
619743
5074782
15490180
3312000
2171944
9646532
4131606
6034339
8725703
15197528
3071
15624837
16330300
17270404
4111350
8956891
6789329
6485826
17990596
3857012
2793584
10751118
11313808
10227682
12089575
17490447
9096603
6683852
7727169
13909375
345201
5414990
4241643
18891107
11461407
1359273
12736898
15831826
19395616
14435390
19510629
12404314
6166369
15177270
9004507
18425894
17846343
3884970
1395852
19242189
10266238
4961787
4422027
15865094
8852586
15215385
9613662
19200841
5911243
17864169
7974328
5768282
15117072
15246459
8412100
14035196
18645510
12020768
16190845
13974823
3851760
5758262
9136747
3387644
9206698
17617177
14324242
7274670
10848000
5044003
4600036
3872299
15612981
19407083
6894878
68714
15731789
16556519
10283656
18417158
6587443
11618226
6999314
13092112
5134552
12410622
17592918
5951533
8181823
5926345
6890022
14666161
16409164
6413303
9922012
19695616
12553168
15138948
14445930
11351945
661902
19551658
13553057
5583633
2188846
12376558
375876
15161324
5408062
11198857
7410354
14642052
10959388
19436714
5513045
13976344
12516930
13768224
16280590
1384325
1875630
3738691
15201861
19272936
1627657
7438302
4360223
9126291
1420307
15847352
14332535
149651
5496117
18138796
11109430
4240479
18767886
9534486
1226609
8609244
6631316
5452134
13102406
17678670
6978161
11261879
7988036
14882894
14933388
1023047
919825
8546274
5099278
12591875
14427584
2475147
19196842
12532126
7071258
13879392
15998405
14289713
15857327
13119000
2579492
12034195
3427300
7979361
12697855
10373833
8601936
12617194
8592947
5758524
14882674
15745905
11101673
13716999
19127178
1092395
14547773
13102758
12298878
7341442
2485817
17832513
19080862
11463788
4786370
15471923
4896177
943014
17924652
14059953
15376775
17006361
14062191
17062720
4767323
13402645
501580
4504303
2086448
9928442
18795408
15083758
9119036
7554372
18597771
13548923
862478
13804336
3514847
6333504
7649294
15983640
18455334
15758039
3203223
19104606
6528876
8133543
16968220
12329114
4443158
2688383
19611745
1009687
6020499
367098
11755508
19272097
12066267
15368754
13664644
13635229
9352640
15537897
10364314
3298624
4214273
160
10705371
19422217
12307775
11648893
17685372
19473838
7391148
18915760
7931366
18022513
2569174
4114316
804170
12072616
3788833
19775021
19369917
13200202
11498668
16082120
17099009
4023942
10001997
19579506
18033884
15241438
5083880
12774879
9017462
1260517
8355355
3348185
10223238
15591707
770875
9674244
2336162
6688136
14563359
3123440
11738692
17786722
12059657
19119111
2659310
10555646
17718636
19899758
8621519
7241553
6241698
9049334
4319423
4651584
10834105
11872210
19498188
777956
6310546
16910568
16878556
5068847
11184522
5078995
16495047
7798451
3747542
15581680
2673316
17604993
13410031
1007299
9213559
13844989
5682835
1807398
1488402
1673188
12906954
93653
19607977
630278
17614583
16887685
4907741
