# Excluded before but not nowBINO
332346055
357274566
256133014
355243704
349600804
432045924
497734436
79800518
468355114
180262063
203347392
454464835
75099726
288671951
212013161
186610113
231293117
269328822
250088363
379390564
58850804
308037946
111295543
221267501
236237091
234515259
419856775
308566605
338769336
311649793
169479939
48351855
117130671
334281450
491722986
24417901
304188680
424014340
311971777
70203166
459686215
174542888
433996266
455575510
448176885
36352499
494684566
376923914
411695473
470995432
490976322
138252217
201592156
468778508
102816227
396897755
417103790
57710557
481619464
140671648
40250288
218373064
346229318
479220880
311331997
84497632
382024653
194791278
344503401
162348818
428784846
160060828
414278275
495222287
147744544
20297372
248610631
136899874
308339389
450364461
33356248
374696940
286292071
182857359
396437558
170518813
89158208
316700803
417998075
25625251
20895911
363104982
75338338
417570797
90153155
97769699
413056239
397093880
113340345
321902832
52191679
375077636
216458375
481402959
427570629
339817721
169973896
386963191
282978373
235940704
420636079
324724028
376656832
483518641
100360392
142551439
477948498
303282364
163552405
361426088
92669831
471987560
348952304
103975557
381352087
407570235
89187273
478030277
56706292
411035563
82401326
423651299
352050381
156721736
328708788
85320501
104849988
424465847
217156837
248730459
420578340
441140258
101101455
323807189
486275759
105647019
196491151
383413187
73230256
244291039
370017407
139756832
406767572
20556873
478676945
438350621
73032786
260673709
70906694
164652654
206923088
280418866
148074800
269296061
453451759
146194766
276245022
62692278
231081256
279407533
369917814
491207187
171483499
257657967
130977552
395315481
410667772
176081751
486096129
416753767
273929011
36541052
461351026
361418311
40261212
287262880
107918255
270776657
91868557
50409714
59519029
293071844
140235886
462317463
291778686
50548346
431393109
254796650
411274774
426489088
60211108
484401721
45959559
481671536
353195295
368863061
213353312
361423368
25714474
233058238
470733323
464457539
190128722
52399001
36106596
110134776
457230505
484931204
94268879
391671491
197263671
330848721
117455910
417089498
499068675
63664449
173879043
100825620
358702590
130784895
272249482
265584119
164533921
373446611
437947780
234801527
384973217
363101937
20555969
408838746
440224272
57258838
351762354
220136777
359099192
136185667
454581917
364359198
93852920
68745891
244693829
124177147
64895948
219226086
376716616
175155854
321387505
389663444
102840603
144211821
215290518
39399756
217708444
232425802
437602411
79511252
247241452
216430392
81770370
189268417
107793338
489634760
479279453
422760063
165122289
457611219
169593288
487293396
172232515
192379892
299885971
293156153
295547008
89209723
443875175
366309387
32430538
135569937
250292788
478228079
411230698
274619991
218751580
483234703
187534300
167881826
156548255
273805208
294851797
490095418
416341340
357561762
168998160
368920758
408675829
410140050
461056851
121460848
321162004
271326276
236578244
160234592
360276250
190840561
411867789
344336351
216307464
411456720
485813357
220665272
402171307
153162788
400290678
40282495
329728890
404366442
281632219
45682758
150387974
103857302
342953201
482430883
333975340
266194468
280872350
315571987
157233289
439806579
484010040
79788431
410416427
157405786
150173620
396348622
148693374
172699548
225490609
171881502
244189784
286009270
268398990
177098586
449791373
138857110
143575593
88214500
76329381
378993004
147148705
384567462
29497493
49468743
362905034
462789378
354690476
438673510
345740413
387457525
266666181
128709681
76496967
313849047
102448724
349012116
250024222
178680844
424361937
153220597
291278393
219276503
471309589
45542563
241757460
209633295
127722384
121209561
84511815
177056895
485367772
46067143
296562398
132903763
102759825
443315594
198971135
302510757
129120391
462120085
21410648
331467238
125808362
74463439
255852362
125094364
420999618
90849110
464174218
499431338
331458370
60671143
223093932
24471850
418280244
393350091
348866493
450442554
321452591
456076437
159960290
109987408
421374556
381697765
76095940
214448051
147328186
408983314
90677754
146734509
135221798
469671095
494613033
111507768
88863323
241944542
423065108
179929020
95845268
269263463
309969424
120252444
426847618
168081921
162223113
369418255
482218257
231259635
243483968
159428985
311024066
268559439
330482729
64868017
153630439
132100679
25883012
296122011
152671770
419664623
83904593
345918345
74697199
392153264
300250004
212285049
485629969
282910947
186884826
180627090
466138705
261314180
180143992
322686411
65298692
118631558
82137825
436061913
440216362
25949762
83109112
465463083
337260694
483979587
165443749
494741874
61741785
405977134
32801265
318666053
202311092
188665184
197872654
202181932
419942508
239264011
492492535
357289884
81756679
187803271
54143058
288456083
135165225
205923608
101780845
92486307
320344373
377684007
479401908
200709311
184957534
460724812
207877877
202455108
224767627
121208429
131544130
433008176
41941486
180684408
94005436
444200938
299577460
317577403
456175917
286374387
280000149
271989085
394078497
129869330
396833197
276286514
257536664
112219130
371108464
37069358
478603919
32169211
107908036
353231773
335241918
484750364
92312405
168250646
420443836
178022248
27863332
23457285
240181160
36030265
168746238
159790097
92364673
464475306
186191028
221578361
487210773
492576908
314609351
73107047
200295193
424777242
249510625
119195207
397874594
190998951
472170127
487770647
350138119
396548958
278548698
140273066
489973917
266733582
326560014
246403786
461204784
472022521
26571103
357104036
156347100
128881713
67210968
417260084
280486928
432681455
329811863
274306222
319798416
323429299
462652167
331838588
348676165
138998894
403584292
180029130
372056560
25785439
497187201
375780704
24406287
493004154
383656268
375769952
431293366
229514794
75859242
373752586
255219202
356155095
252106921
59809032
149921066
377406143
304829763
139706908
93047751
233341539
81158864
65484946
219576233
494490930
88443854
176928041
258963989
20100534
114270540
442034048
393591180
383020801
41535616
378881808
63705412
47070896
356683747
112584497
77904859
429779086
469365543
138874946
396490856
484372239
218979732
47808664
56094303
392482914
173049985
234929538
92389813
409494337
445651587
61689354
438775953
122600928
410685328
111887283
238589225
22365647
315990246
230784331
147498185
206455396
413836834
227060196
323498175
168696522
240991714
483867114
41960324
400166939
255081778
175143817
387246393
421678399
155052249
36181188
347800009
52258225
132334055
89882237
149158345
374022722
481862009
235266590
240192869
383560505
204067603
146814907
34387896
329553779
174980408
273760903
448014467
286460019
295049338
266760777
53448251
75715221
402704703
43702505
129529753
365743096
342261977
465491644
201797851
315121870
142157861
378023282
458692569
442058104
282705208
128073850
272927554
264799528
50549371
43032252
378314084
366469106
170877786
424028552
334691549
62564048
190362048
117261637
130762190
400048299
31576690
81512214
184033379
494985311
302486117
338331187
20297461
272795231
357157696
212485082
478291481
171122815
201027753
165240059
289424378
172352784
377659174
372738675
435284040
491274031
23212829
36239438
369022533
176721445
440293138
364870144
318534699
61199424
260533312
164798040
56926775
195649668
410237741
489426210
106130278
360243019
50692242
90091912
36775768
121539436
186793047
469899317
342140468
422446823
297663281
317107499
84327474
131968149
399306645
433069418
129399991
347416644
241976491
337609070
280663032
133430987
482417416
390223021
374409500
277157259
38278186
254131865
347721822
164393441
270882481
393100250
139337792
476361716
105957633
419421852
97062409
178614800
363434250
40866650
376787983
301641752
301089793
398197692
259747691
401237353
326742556
316385792
496853497
127575998
452418616
453466206
89544290
203811292
284401750
246107646
226133808
86808557
209426758
190784826
494693265
238946280
438961540
255791184
427508857
484545036
478138127
25815921
115847502
252406132
190259759
160593878
393851090
377196612
299484641
465660698
177540588
425142346
33791453
300487490
83144536
392580968
271086474
442297427
42564460
181945119
445035372
129948698
176057801
41366519
69743185
64448847
86241297
255309399
382147500
222820788
77324363
308176425
329903167
315827324
338250831
256737243
168462223
391353009
132345121
99859212
489688639
130880615
57056851
309818201
220606931
492513241
112226224
48282643
20855630
219676579
422396286
22414481
281571777
214705417
116332482
249579741
139629823
431426556
227598228
224249092
295685580
321329757
367847014
395864292
108129674
475924531
404699470
243234556
337525456
91140807
256909217
341613736
464276956
151882940
170221219
392925352
305498728
437413809
408600553
377266932
427580226
483933029
453377048
435090534
69900139
314722214
90590417
494505627
465677992
155884351
367661776
344434726
41822991
357093252
349152854
98196445
105492364
314484607
98705623
268374136
287140703
37546933
232120427
187338887
417796536
273522465
57847951
491420692
349682060
498884035
147936278
442952608
200551290
166614738
422387903
140816034
207967533
348519873
448717253
299870248
459350827
82376301
199256694
41133202
196425688
203558363
92754784
246805955
159863012
207820783
119773104
390359921
113940669
407499632
323598150
471401273
91437357
94367525
117318900
216274850
239345321
172967334
184836467
408579102
466265931
478041335
271953124
398133598
180649429
287732335
98062917
375178834
348315329
199236553
479617806
389999830
216301005
29380736
33233124
236732301
388546958
292822847
48432015
225991838
67913269
362609805
20608512
373051511
77674493
52444669
169897284
384114877
163895398
117532838
419617066
486813771
386998837
67216149
337742677
487973577
359744473
121883864
207315422
165602538
118036125
56737680
271737552
395358642
118417383
56281532
300836047
369947743
237000634
347317509
22221286
77939152
426280056
456463344
211742078
111922322
194897215
263171788
375645682
410667999
47065630
116238812
186239322
252886928
406399445
194377614
373465505
398144740
317323540
447838581
331643845
116457929
36482038
291847371
381541011
424806403
284111684
130057335
217640629
109077372
127779098
392716662
34842205
33415654
436868679
444565051
323167713
52294790
175723061
217617162
45521449
163478340
322186641
404030712
234310639
187609426
310181930
63104000
238405890
315906589
48825716
394435457
360792880
110278065
328000958
73796718
493978207
130342579
230013648
170718525
396761066
305161496
63818179
470542301
25244441
383210819
45811368
404469324
267965817
294376974
53437790
381416786
341869831
438612401
496625199
164078206
299183395
221698139
62554598
456729128
74742029
101467103
421696006
467577406
238936869
325961228
233948584
67063792
442048956
394243521
59932294
99424510
305896047
171071694
293460163
305911429
410494567
166797061
226448440
360117884
479946999
484815918
315891281
317883563
107646329
330529145
93444057
471104629
170035773
460383646
427969685
312983672
177571836
361280080
70208178
224985383
187404034
455085933
463121274
282059531
108730858
40032115
387467235
122175882
212076650
286775526
212262000
78520305
494907566
359150204
135263694
449597040
491627121
168606606
249058772
285406777
158421556
39674564
243692043
402221013
190956416
463051430
467290474
481448246
186840771
327036809
441298551
227940792
126015343
358948369
67254663
130747942
276875212
395072627
330823964
70787808
481496149
307004048
374027348
377762131
495234273
375421056
87618568
475951780
329349063
465394795
153366634
86397552
109311648
299305250
244060092
111164123
254604315
235848906
31345256
239461638
320142688
382458275
470850333
173107615
149946984
318181177
396119251
331447164
31669773
209889816
239657810
294570119
328292861
444247102
467572574
297664476
418075830
181320349
65128665
477140590
405738494
230462980
416665131
108491851
291677901
372150144
185462801
30597777
371067498
377456092
418209147
461547233
186872095
423344982
131711318
478890385
407930115
71873431
38308178
344849309
271254653
400955322
383949053
289965275
124035715
452086020
26239265
234435158
487325806
455144580
337483222
269991753
405084199
307219806
375203529
126418052
496771408
464758281
281104951
459355995
245095293
466468145
205068842
263972062
123655584
462147569
211015749
347853006
263397845
248958994
218734439
83462329
141838097
127958992
66367049
83545617
105331159
176133131
272046970
241651786
462522120
160298432
441340920
80198659
153420869
318513752
184036170
45882560
499762646
342279977
297439824
460533932
282627351
487681728
266394945
463126129
361809975
264620279
170662075
381254668
448029712
244653537
303652855
335279745
235558929
421967850
94971171
329106278
155643339
264127957
245984889
302222317
239897922
37695121
229493409
135639342
444291137
240589708
173225577
164321484
411339885
279500950
294151215
336816695
126541127
295931085
334934135
341519425
433839797
181284875
467415598
176674846
233879054
297934086
314014734
358967687
144761013
372145599
366497448
109504246
311527007
247329574
80625872
391451175
152989803
472425238
472614633
169433775
237959384
420573238
406852107
324839355
311648052
281544923
159424635
235726493
79911612
203606375
487978338
47532027
302497772
200001999
216786973
413384961
495134769
196541713
477674883
241481082
426432154
170880279
247048977
20788214
105298254
79733705
33207099
122647101
209902524
113183831
228306306
231672053
402721338
363109600
220383602
84077586
152053708
379448359
139777617
410637775
152171615
460677570
191037831
472265109
45526683
443554430
118625837
97907958
493858888
491601502
182896437
201525653
249205658
53653745
243753670
371753844
414169879
184727507
170472723
316336419
278570925
202147390
192844840
362128509
98358314
59237413
163920694
343557012
265241862
102231689
204167196
176781214
44000228
319930317
254906762
249457464
484445575
157303260
252035348
434254816
65990103
437164293
349179780
126290920
20983347
405066118
258128943
476685745
363020745
317849057
430177432
447051764
184786685
268254031
53529553
122769866
202003229
91707153
351934905
146271221
365861341
205253173
480089491
240183102
463839446
326811404
55655324
360170881
414126150
486548405
175978478
290488222
275828265
194013018
343962205
253229700
398293735
221360816
434363135
260537044
85205643
155851890
66564510
396622086
53651308
303661637
431957982
241010031
169979993
394805091
279154449
119952719
309131695
45056202
356648235
460685371
273507783
457584504
443092124
311679864
83032797
43715276
32486625
264962889
200097419
494500529
274418617
321777191
385483915
50127870
78906017
179695416
286766974
168835371
232255967
51505880
393720695
159660914
335747118
110928584
307800324
357406531
35678612
59182363
217796899
365431008
35958237
