# All points STILL NOT excluded summing the old exclusion (published with Fastlim) and the new TGQ maps for BINO  
428305986
261139894
381592397
415457008
206722753
333721006
352921819
137345378
67848854
198020326
186903656
331023945
338499226
86986476
367787735
301238508
257482318
142675925
195371686
399235091
433537341
124496117
436239591
457454531
252021307
105028223
101639311
423390788
333135658
466735674
134214394
207552231
157108253
236176727
234448895
90534466
354838867
108431243
66631228
310625774
133162711
393314790
484067435
419332137
351011781
219925956
321256934
358269967
154430731
262896059
488028266
109959429
417561377
451452683
324163239
453737782
457199879
102677601
142927008
205441946
416827885
97431826
62582003
318499936
106823212
230915974
154622401
384041053
487489842
254115753
432244483
57955988
89687505
286320942
424212271
462055416
109772333
388496137
402029632
28429508
348583887
252934038
343422294
467584405
248588739
45679283
404268428
38466624
136748784
457341905
117699459
461718265
187090833
321031856
420218583
290981872
258149875
283507409
142967969
98618537
272312742
393216977
452483830
88710736
312454652
449311836
400998261
161513316
124918515
181310210
89070137
181184643
490728486
270671118
204717537
398139419
161068836
483316527
120884385
85246090
464825890
407802635
161872359
114279988
181859965
328270766
55584434
377687466
142015174
180491752
112767854
447799125
463037451
302861367
247900300
165829978
184913886
441398911
210962753
290017936
385276047
108870209
372854590
170390309
99584417
448618485
443754358
397584345
297301718
422502156
51492958
166291575
244968368
265974165
468737736
426853986
474349924
473958602
260550543
244117071
110019008
233888251
416448039
60725188
177957053
452552885
258112811
251331741
369357508
395146755
431077724
220331959
261773681
139332705
231321727
79436705
258445372
314751912
196317591
227582127
448350765
425279964
384777180
342054329
421868379
278295199
245015609
108583955
252060987
37381280
240698521
102047379
428470105
218483595
218656341
437590737
499429435
423744418
118212584
266219909
345127493
33656719
94129702
110851153
154481158
306741934
392030296
92319078
471544497
469396320
431506084
470025718
111340927
415810208
116012579
91415669
297019083
262698814
55912738
73449329
173831281
170955635
317629794
363463297
333038263
56600900
57618327
313064418
395791059
278989340
301003758
405475771
320966533
65142755
218545141
405796054
424897346
365082753
65948848
464239276
411818129
412238950
259753607
397926276
437261909
358643159
142604723
88504655
315040725
126521396
86085860
29940481
159458930
211833381
245020756
459380672
153544451
94520965
449483498
225837174
83561595
180595227
59129889
29247819
409752695
354189415
210006850
80599540
188115707
444938050
222925558
450455608
273229623
24157143
287809453
369186226
246603290
40278131
152853862
423839773
289126926
481220522
93183949
243701831
207742490
436258999
199459863
306289597
345959062
483025475
174133633
335268837
382323893
79151964
73446373
213264702
459769058
246963179
354900137
280482099
299345076
284601794
273676500
155329421
471413244
328754964
410433197
197391412
370455580
498671786
364890041
336948731
190290299
134654867
102106354
220065563
385961042
302965133
396534566
263893881
395828325
474114667
193557995
98882502
28384653
212871583
124434620
124423916
413850784
384467885
78393389
341107622
21130428
177868274
262048999
471157888
211933967
127168504
483153184
140757213
387391395
238097720
188285726
259811018
373385999
436986575
259535474
390914030
267505915
370946310
85424434
218227688
480731709
400639335
76759988
343478565
297060819
334063044
32017140
74568605
259681205
443597804
337363852
318215197
257719132
152067801
231599551
276759907
392592548
42582121
333953098
408208626
31973201
364194076
33002571
428833239
269368752
355561875
151388298
330348343
422956198
201448500
46154924
355463999
219494338
310676748
44467419
154629424
250518784
50889961
26411901
422700345
389484665
250097549
52363652
485622573
151831782
315947723
166843518
178139372
176647559
233494705
460032943
490215262
491062703
479994489
305750349
105899247
104452521
403966089
205918632
308808478
143005962
292903932
161897835
304692335
63696376
154601913
111828361
129342138
378251833
382558040
77046027
453981254
161957019
262680563
362305859
292255193
484719867
213738419
174931569
415079891
268216297
432518667
39167995
73230536
287048829
419569060
446217055
228738560
323602055
455025714
307024811
270144634
447704613
34562894
445303091
147562779
475137587
183275532
207969398
237236464
138353188
60695484
201242805
55976022
442057719
176542625
92238888
366467272
479743083
210699205
97241810
303767426
133529791
466237500
280758110
264177882
246182840
427845913
256914613
98643294
137670668
370850809
378836379
100518105
448573601
136483542
95129485
54685614
48139418
220316673
350687465
241359052
242136146
154231234
33603662
333187520
337679209
22525772
469843005
270886331
135981089
28073391
94147007
327737577
155227194
498306201
83571840
438144847
372659786
278776041
67132033
292642015
86013395
406738006
149138126
188575112
439002920
237235476
252542708
352276159
228974508
74800989
33562801
108938114
146594688
437236090
293630043
121405727
66231428
230363937
441469255
282998005
37991344
101557554
124763812
213258918
213514190
27420651
357858120
206934567
311030839
28760975
151061496
287007108
230051843
261385548
499471711
291744966
42937563
262606651
432703588
111085133
158760986
406808629
272449167
462717478
279957025
251917655
393539918
193059095
138091211
84365849
380921864
71734162
255055668
442863620
133183556
205174743
438775902
212442787
222780234
111159659
437707944
374371562
79027873
344552747
300485190
441166710
147436659
125757818
355390969
499601690
44194788
462618774
475225613
440469446
116177890
194310038
285913271
20113273
318090464
69161204
496105814
339394202
265206918
303884813
485005805
74497830
196462560
238066729
292909475
218754216
457267850
133531405
214523287
222889986
487906036
216605396
209534591
206192024
353638582
251966488
99514431
356000373
220500404
410811960
335130270
455748510
188577159
377125923
462546379
407335034
61565672
216855977
134450092
345211332
303431188
409997287
355629046
219358638
297420812
285804765
366751518
62144960
473835796
209918432
74949691
453583376
282875724
127065587
273598280
73349053
121639315
238183152
245460048
338060807
315408662
367248334
81092576
150750346
305042453
166294150
204319540
61450040
138889526
59407392
435215076
289017430
79022863
138261478
254953149
197182717
449900570
351603629
279274606
336871829
431436642
414156873
117659036
222429877
361372479
42592892
230885391
177004193
459683936
68781066
387641008
311806646
64323502
35507241
211396966
119457246
405428068
422079662
134701688
486440882
54115798
318631397
45148648
233555354
362564459
240844262
360142788
466258898
182712741
228755004
37481193
335394776
111318074
35258848
499336932
75527547
200376866
136043370
364460346
37281464
487268642
258841196
52580995
291598575
468971029
462565423
134588661
390129808
307956449
352629845
281480873
408916386
407519198
412065720
385699096
440649466
119961755
289140834
224324446
88762294
286019370
184822718
338724473
309352845
497429507
44087289
283797909
176956683
410329946
260372477
351852212
464292530
91538432
238735207
233670691
487681940
486745177
298131480
380977244
430053344
237379323
174526088
404261660
262017238
48994112
336370870
483381200
112149133
466380941
484115609
163848939
27312036
279872778
172043878
309258469
396379477
479844937
50592764
226297932
177100764
488537704
420492319
142328748
255574666
149262393
328462917
238858906
459652485
31157579
477923660
278130053
157829659
311740216
200046068
27821256
335639045
349605809
177537965
242010444
51818923
381545388
255192119
465845612
281724828
61772704
488442401
186084940
488430073
451609488
102992602
491443481
73491579
433461094
207658025
209607710
382045059
494579397
441874612
470094418
81629185
173123994
407178273
208997259
109835312
366022628
406145624
487490128
93002706
56733709
116657606
213304275
77162519
23609391
258742571
392726901
279724333
102850252
399225174
407787893
161710490
354999023
31372877
144176863
201926456
191671863
274715051
496009244
322692407
320007094
295820392
240009612
435025818
144161879
330222060
118498086
237837825
190295728
447791011
209658447
380784931
426494246
334909899
306116222
149708681
182960139
30763057
35297190
294939433
383058517
490197792
388563841
148347045
136351128
221007588
228941509
92917880
298646587
261536566
468752808
210721265
147787095
278483923
339120814
451943949
412891024
290255418
195187284
392773125
341286141
329163668
180874653
74978858
432849730
394980244
81259411
189645857
333948497
249640981
21367858
329931854
83490480
268832538
123116894
218968510
470500209
415431848
68008594
234411634
486194712
269056414
231408515
22852621
290519435
393986783
254867378
28747927
256895924
460000585
369008050
318766833
459540614
347016666
138488255
230880860
312323218
465264669
61035542
389185293
235622115
195680415
99030028
46540720
164758024
237457709
140230063
267091965
300809385
106795535
455926762
176651399
437104331
309508668
372817072
199463260
244619294
341388617
222885417
326351462
162941363
486738331
455299231
373143505
130840243
110835804
300192164
304724751
341575426
163949540
229120694
166519840
249917519
404280941
491155396
369565673
237433233
45279700
422842980
499330135
492160638
340399576
265490964
258551405
33985111
351639782
221136019
24523055
479827300
486144890
238212234
479726635
32457642
356473012
358894881
77214910
465752231
68860512
471467839
80391330
294260716
262683892
227906910
133459729
491774770
365762834
263163261
121562287
400958888
109413320
467030262
453842679
379187102
279855418
200652371
226669855
230606745
324510167
247511023
126007483
405410906
373768998
127409034
479384695
213438759
393201108
168812972
207476755
382463055
183502311
363285867
23038983
292540179
366253238
70084676
62673744
382439730
461755174
422995901
269317030
207020049
441570156
400380625
475964301
268488355
343506583
243928958
33940890
486553904
163923472
346832404
298302560
365781363
218613078
414082324
469034779
41498250
144516494
318753033
74220944
72897616
497247953
485086158
112865675
153202894
425010412
134783168
218008348
499100795
455159276
278729309
179338168
272599454
453144081
363522706
41909529
175907769
294839995
108059756
245020074
34753316
127647399
410432685
372863128
70907970
40524279
305022330
290528737
112879855
93247314
231971453
307073380
134120874
228136180
269883025
405648782
461936237
161363458
352274301
144522884
301502213
22192702
63447912
63471329
222383999
440636522
24707641
149229184
348622901
193110908
61063347
263988531
293454841
195072812
363560381
102757006
321905929
378550194
465169440
419657681
73319225
186317396
36231062
104931694
81959675
76040435
468788648
356958448
443703272
481507602
373661269
434983877
390995660
322697941
486027501
166604270
191945203
35037297
135874097
437727577
271688865
205172338
392970598
416381622
205654260
40920869
135122847
184063965
364210591
167435216
408492355
177725430
456483939
374149008
238808156
63479985
487038595
350043417
130122957
175469901
191080412
390542636
185062772
473864905
414901808
236705430
425942344
433482408
179533987
416347864
474913406
388410714
51147368
91211074
218537044
192084102
56683892
112821758
52711696
396778655
424430677
23353753
382799883
160823686
322065294
318416077
29246126
194914990
374297274
239774990
460714564
167386228
173730977
154802571
183094215
378337725
156597250
469112662
385006885
341199317
82666517
61922869
170452222
255547570
240768312
81687171
27635326
185808683
465310025
105803033
29955507
303535344
132250722
233101597
305178390
44324728
150735611
229992694
366425518
284532560
390712839
140091790
78457343
96147721
40561301
61761548
91246111
182737922
319283981
143068799
323668802
403369845
325409477
26697432
491340776
461342815
153027369
42429882
285592824
396396805
142663284
463035772
253636450
383576026
236225447
154519542
62796896
384315183
470187893
480691369
56657635
318029959
173922052
53455493
109203818
449581244
100623763
472864866
321272690
370289035
178883996
423517389
33049375
475785196
193051280
390303620
362667049
98506881
367368257
315585607
481521528
434853629
135221698
397000267
264121550
175465900
334693053
281126873
442508640
397385230
87485130
435745305
334462364
150959584
236590591
74949824
65090167
131502253
180230786
138789791
462137602
456437793
426760258
411096466
112196025
34207395
285638516
406500936
213635318
413482856
469033108
487597973
260192589
342127367
291312658
210617207
111319170
96794329
364676415
224824030
392220039
32616653
343939850
320538594
96249581
433213118
271971291
188854911
240703602
287047729
271936418
113004461
357797864
356053505
225735330
177821296
198714247
308159235
441311633
437478311
323347704
24251472
217340794
294217806
354485891
382045402
396871454
62610293
315145893
165730004
207860720
205881710
425005920
81931333
302471497
100732801
150354908
111106784
212929125
225728549
411026722
422499298
308762304
444167561
129989906
184045661
206478357
79491377
74058154
288263192
26569110
355912021
376865155
116829375
126322214
427931753
399181779
476660483
214265804
391360524
42203788
477622095
289174542
420381950
91986644
234533874
453073488
283778301
132295102
108682916
266869013
208323582
87243737
277898664
341614375
419671764
125311886
377532533
452002836
340518050
367813183
330109014
191892622
224150103
115945444
30465084
20703466
353318224
294275651
255624828
76632300
115068475
117893499
497179765
463709237
225131791
303216234
253549142
392377756
149466019
357521808
39153475
244198988
260100887
408618172
244053910
140676720
232491645
127756945
283997875
29815426
254320096
494516872
332222219
452135330
299551846
25611135
239955752
175132364
395305131
483573641
44989571
258568640
312062126
414343464
27517880
156320170
326789164
449367263
310107127
221743452
389778065
144840049
470090774
269929404
278789509
244415623
148876426
311517634
396235286
194791583
401160906
150260530
344504178
62809716
404638685
113914950
113238586
362012107
189467770
414845134
146814152
76978737
448690253
246237913
28258677
41899861
156373038
29442932
198457906
274580084
258515627
266498997
481687950
107605650
112269830
123417469
381735093
419962509
495487321
347864362
159164759
88591746
251861702
461030135
349063889
343100159
182535058
138295068
347177020
328551837
314649721
426925868
118175177
298748650
425684035
321440622
375821594
259481117
53008014
459934566
199328404
326022799
458367956
400810614
479094307
200397063
275830713
459852657
343641686
361401532
366880354
179866223
319646508
473161719
92285654
425357156
352565254
224701196
386355037
122033554
32522828
202944010
84814310
164331929
344453702
455101351
403745253
201108306
112161316
61531926
261127733
81145442
310410996
442410535
313772554
274184760
189347677
69338284
77315479
425087042
311887476
124683163
253083428
405268115
136571574
27088528
29096636
353120860
96659529
92973401
56852184
223299622
25528401
399923300
81810372
417158707
201022676
309126017
150336349
244905506
263494559
355936081
474915536
99506362
329372426
59766655
295075596
284491717
280584405
347986419
190427172
218291883
343183943
334329054
77628196
29624974
157499472
59827134
265287708
323651848
325276728
414570271
43766304
75982305
438688144
493554975
306745508
397083983
145259129
150986043
463282452
206475581
299795996
340365893
55055829
288157273
481108298
426669252
69379789
214876967
82477111
394804080
110584075
83346756
238475951
489856328
209394920
161047830
260978463
257189258
23920546
169053176
161966486
398235242
223848547
186278196
370737917
75954843
191825806
195647322
223411829
44384005
496503478
71568054
466022703
113349922
90380371
73802280
324209893
74827227
49321512
407500572
123387683
207093897
103314652
342699221
256734753
402109153
334415254
129929642
382661546
48758617
291111063
128224402
239793738
77821360
213097081
415435030
330469115
207770080
423219426
220676608
428715419
344577628
52008035
113086683
382365238
174073499
440163031
123795350
53959437
222787280
62925505
70176461
469727196
161013126
103364160
309485089
416426843
312222852
489650438
83421567
143702016
380093929
365392988
378983667
166102974
113919493
239279366
205312331
378970653
111715958
42900041
323297408
374509142
89328954
284165306
333041779
107762225
175530564
401684505
437395111
312620918
382611513
453890883
308801597
297339887
135571631
321639845
165395869
428578414
464041013
40296515
111021432
54200595
90509238
49685727
441196950
321136776
152916412
438546231
431612991
41393516
224457094
311292198
486265772
448797250
77993396
113192318
192829557
143510436
472579446
470138034
201341193
337370792
320669254
311114143
436952874
379795856
333221745
128098041
182638677
173086932
206656021
285396025
314467379
473942137
473401698
320240250
498914798
435401401
185814862
328804933
474192516
375982755
339722461
62318687
440609315
275241823
338802083
336415912
137771159
408291861
96805811
283016323
300973925
389875090
125301691
267235319
85043518
171859321
24970391
498046733
121879325
301507096
379092975
351556128
210031994
45556835
492677939
128831642
182573206
421792745
154164599
203517848
44107134
182053384
499471491
289419961
339276877
458165347
455122284
471036056
281088262
43661491
101435311
423259300
398499611
413726541
245864795
107736898
288442722
87361839
64784726
66840303
315597380
161630658
109296386
339905495
422154270
478751498
343883647
107561055
287056371
30095347
478459464
436430310
126018797
130589971
476956158
109322015
169332913
489580978
72236585
373543438
114228258
425368726
338054867
361618639
33291923
425670458
173556047
66050094
263349990
73767927
52979197
95944383
20814742
238228512
445677076
300121607
324992763
404322934
304620628
420039055
256019046
369379788
253312266
406255957
78897569
193585408
193028906
203621539
38746536
464243577
244750285
187021731
374557217
226443720
357195328
273218694
255125939
304738203
192084632
154796187
293908908
406029345
53008102
272764918
273581151
342297205
197405359
418710290
217447409
474940029
499935889
216478995
495633793
195361424
95657424
407409596
216991699
353140771
385445759
191971958
191045268
156879274
205782533
81279264
325983819
21083343
78192949
108647964
441463610
449246072
64389304
397030442
340734153
23282703
276975656
428767555
237773085
247256328
78713729
202006869
88912403
455398661
248065441
354695903
148776153
86933427
91072966
71069745
68039549
280479411
487889295
105230507
224240821
32713524
171477638
471896414
140162674
340811687
87313307
152937441
448379191
360769043
53570501
274358891
167380489
404185357
397404382
359454001
426771266
366934602
348107541
317474966
120144657
415222658
261310854
367702113
488876612
450233459
496586084
287823074
438597772
455747284
151626184
180182280
244815373
71932683
371157358
294082334
319221296
20643815
269085010
186243549
474863796
484575432
375003342
292770670
345295949
344268406
486968069
346140052
493533994
473135672
165461065
229502275
244895337
123878605
114393457
26820224
367381981
317763811
405722679
412566712
434577674
103824748
250811404
412069924
252198612
493710794
289658982
252603463
158729126
418926851
304605814
335400580
100145581
136868531
427425143
86304580
269798206
134695624
216872352
349489933
447677721
130274599
372765024
52402627
483455979
461489149
384184068
225970949
466754065
464438953
72545212
358157025
392404867
140032468
41112929
149713557
201759511
157597905
333090287
371740378
192539991
423587394
64344232
121865715
412233989
352836788
387490484
373070800
138939828
305991380
302204466
248058696
249629874
492204641
68541771
135428444
300305641
227562307
172332911
298427446
305258710
209754503
495782634
226548493
194030276
117465932
113571098
266820175
171920041
396175129
265525449
295639133
97259335
379199052
449269764
328136975
341316111
302912933
197260540
381616397
21993702
203713433
175388214
153936660
68218433
114028399
384441567
425138672
22574189
447332388
250803090
220697651
175872750
315261712
448752029
117875906
134147141
298585714
280288369
138293719
279275084
426012328
401122307
363532700
146293692
284374629
288394032
267399435
58307559
185774349
229483364
233539945
477735380
485867783
34941840
246126343
128474617
231825062
52168463
92055908
346899340
497643445
131768825
71096530
262366615
204863830
78293416
135431588
344016449
373737012
226850484
180060163
470992230
408592432
244136197
404232475
45286135
309455900
349845493
372589468
22825095
399752025
224207197
464482238
411832309
213044357
445844323
130265640
133834630
179393479
167949940
137309622
52039701
203083670
79010085
157190826
276690628
325659384
267025563
68905264
150861471
351275010
371485320
268257936
181546215
367627437
440613921
205536918
78147249
127313320
395011581
467628501
411783028
290363687
462060490
355312117
80126100
451465324
151568623
462174843
328403451
481200468
32947601
272496818
22554038
472616141
315394420
69827454
329861510
178648091
129339232
97294110
478891814
90245394
47742765
345229819
336078764
167788760
41819168
395630276
229155223
293455988
47015549
323756257
289792672
326373279
441871150
266110079
73423920
373875760
104385711
356339084
472216226
67607012
367222129
331444915
408303601
347274885
445057858
237555834
254124342
189757297
380020531
361204745
430472033
28498531
259927146
334823621
128637279
286772323
46808723
210808830
137691362
38722241
341628963
190373009
106554282
345435861
225392559
340162802
347830875
362860779
234564021
226334224
140373641
369491943
339607173
303183320
69562544
305128533
139963190
296621259
237859075
449057013
288093628
50979356
92829957
428412335
177339478
441897067
237434829
338283520
416475939
253280799
311350175
494181239
64127380
287590589
154978016
461359017
309345941
158200837
87802793
286948725
210191723
327792951
78937991
83200390
83967725
231194665
37407388
32348238
38536948
56270205
369789388
488780600
455241177
241775213
469060983
106496807
245294629
239783453
30922072
210333859
192716493
183355312
24646066
95905306
62782287
166452711
384663963
210084278
27939240
251408108
310065669
348929495
473856389
59014277
387904051
278066321
196866077
250540567
87417780
494840300
376960219
248517690
391617952
72762612
449925128
395994856
469625039
421034357
299115498
264446832
487074512
273129788
86442046
224350341
58537905
317483104
114365898
404950981
346318369
109580504
23430607
166494673
166763690
257808147
479832838
454628859
254684547
409228918
289928678
430552126
297630323
422463937
117267954
308332929
327265557
149475717
237180997
315839364
449364926
199602018
427623590
95106025
447975350
298099037
190594695
441257109
335529266
197297503
485655754
43152265
323639989
103167416
30021801
188180322
403329192
245405947
386706951
188605266
289656045
264875556
227602949
354633438
371044097
233964515
321010360
89591899
365076353
259332390
352210891
407027802
365596834
460052565
321376698
301640663
432892914
469198755
62035150
105547462
442076366
96370770
339202356
54849057
481291262
148172092
306619240
91063914
316146164
319604974
258768523
180238643
400446577
312247465
250725482
243247373
434431577
148244788
443247301
289454559
336274449
118205913
411244577
115290071
36931539
90851256
111817904
357492455
133270105
246314619
224537861
441538366
215302477
164097998
388914196
203422415
79757689
191080135
270333643
448811979
41376250
486059790
255110769
342495038
392462445
376790267
371664708
275878932
229416246
344077086
445857621
486223721
179247891
492404959
374318847
230270946
407148938
380418957
59260584
400038277
450703016
216948660
381024665
105012124
453860875
103098322
230145095
186710623
203743925
154659941
443352474
187748438
65092860
112850050
151933171
46762310
163646795
169928043
490009335
453719100
56433797
374240498
168005840
382524796
51965599
463156558
499403864
350709085
484231501
82190587
343554943
332077338
287099062
134928651
369612327
39542257
58928244
439946499
142475301
266206812
138970256
318819524
313134717
181656828
319046653
394404793
245723848
296119355
386461326
198946990
479444699
368046945
99662056
129167084
128907858
66757905
363293190
110538856
412381161
304154399
398107021
85464423
377032904
37219011
313862713
466547310
182767213
187151518
467772250
420136956
330351025
259779222
348611246
466550446
320668583
126427100
133725699
82891403
437591495
453482626
460614706
198907958
129452129
262301451
417457045
200019543
482195772
203485950
334516889
278818924
105596505
416260723
384202147
226698530
290710445
138870153
275278437
92059050
100934837
456852198
113043631
233974590
47597356
340865632
131286308
158275840
197777113
265713873
492484475
482270676
32827777
120713970
92649228
458046165
424560967
94060253
258276801
476296945
417454365
83085139
131463625
238041712
149116474
249919968
326665307
283204989
398347701
61041027
59621694
337783683
466766490
134584897
181895841
286638588
287801000
455748418
401598955
297234890
203752319
80984458
53650060
129742811
433846921
81354935
361355766
348507198
322498493
204187156
484382351
140003809
456478983
363257242
484053539
150827987
219524974
240251265
160502901
433956929
475213938
373517003
164219296
125706305
78078400
367579126
93901462
393778604
326598066
81178938
36384813
457561651
105058905
292249658
328534646
145384547
408477247
493275107
121428408
78351353
400442041
438026241
429017554
374359035
495543648
308263061
130836717
40907664
464390865
427672328
113044541
96573401
258923399
95854873
496123952
377986740
214167090
81075799
486470557
112677276
390628601
179137672
452242827
21322905
291044006
113348799
294617996
483875199
304049196
393617646
101945079
367945840
483669404
396584143
219135816
285739937
71088529
243414083
450519316
257487538
142573413
233025468
143294310
99337336
153342665
173660502
424937044
335729084
470054130
77789312
133299254
44588106
170398094
410323674
30909008
322149612
30277824
450146461
389632245
24742228
59686964
230575594
238805645
188888568
281226780
128705213
391691602
225753461
136961716
235314774
237294819
392084162
388665307
289901155
292687603
318790063
322359806
145586051
265279877
405795348
118984104
118458535
237512064
115919590
48919151
241840682
489794793
152554942
74078133
154311184
486002656
221405974
117186836
61952130
316299845
188819439
253179318
59234115
211178550
78874744
320360310
425052579
375811610
34761726
261033214
332505401
467215968
442653509
215006705
117755818
266075529
385995449
322878937
181217777
71531864
147195864
373104278
416539703
403376007
489760643
418473878
458088126
326088728
473850032
408625951
154189345
447777355
85555223
77800788
239007530
372701375
203441086
307760406
356548634
426579132
452999793
426035714
112628229
339276006
419873376
37957659
397998911
67006608
349028649
142834688
398217579
424869360
358377897
435573157
317623245
186240869
31649702
163010359
244548468
356882112
33020159
369598618
392444528
28691026
190381185
100982014
305288284
370491350
177071110
339553816
328673756
125177556
119578179
152682664
235662513
46584136
180091420
210346042
105203900
438967382
67684457
345475030
486539047
480145445
195147918
135482368
217323342
79251422
114148592
487503368
349703522
144613049
291216813
210008935
299294873
126888575
367115677
38167723
342361390
385012573
162431904
42406300
96333806
30076644
327813596
155011153
358534741
57478209
78307202
343468386
296208967
130359697
478477051
461935048
132023936
311315374
401143101
140177007
230434842
319721952
364249839
473594060
64023226
466485033
336261776
259808631
387250756
262530431
433893098
481469702
281485172
377541925
47794734
112846115
73101485
185992470
107616524
130015973
134872460
73811606
243738995
225679174
403354662
367050660
489704600
274521891
163245520
283270319
49152011
421229943
381970200
49974737
134376273
24053213
334859675
274262763
459219309
241994315
208794251
153837464
351925698
387786621
334671224
342684323
24543946
416922328
276315159
185042051
415513584
125745159
172019199
306264753
38740936
53820718
467351727
375522786
245116869
321017150
388016465
277463474
399593037
93873190
49121794
250335137
155999136
457086241
98279983
25654856
113892893
231601691
291923555
152154127
240009109
21538131
389628251
130245927
30843157
137023982
404133358
109931921
178993969
377354207
237568620
498836993
492064792
67626885
71027771
299952208
128072609
163309745
449290049
105253302
227582818
28338823
422519174
479113986
291409945
408229720
22549378
209765940
396035271
223554704
240032518
378686514
103207215
389292755
93224015
187527532
453563681
98495961
309457461
101147698
395443071
488849471
67792328
49094122
441481036
321917632
261747823
411666170
25839735
40531045
497209530
22337145
22184668
194850093
41217347
64091368
304099356
202455589
445371101
88618781
272379004
195026569
185952423
48991973
495305600
204670244
349536111
243236872
319739481
204763805
322323222
489390827
402463555
296479826
443963406
113005335
392475005
270674839
82608714
446603936
22973546
142474340
50044822
488795970
123099837
157435974
95667081
459667183
472809097
182967397
422973634
231425679
52536907
459021424
231145963
92237424
444570590
305164303
454278097
126214777
184174111
471849518
21237709
181111253
117623185
327654487
343671784
417413133
201576868
396440788
390594810
258273467
230803373
277757420
493436095
75601969
273794318
72847052
304055345
177151197
352705556
240257876
66953828
62551362
297218184
348607089
411276383
113081947
231136509
465381681
246043118
455171739
154797843
98677512
120545939
403734920
411273869
441278402
120172161
35710203
195353541
414919636
191121053
259655235
401771768
295542539
59112009
274430654
462722328
259666181
228943316
96119493
198178671
183789290
288511122
126392984
348582203
302062182
289069232
271028751
319674353
201331065
250476869
247894098
105674862
419795030
470628474
234920091
311634470
492550197
498321684
51807792
311019585
349587914
377004341
354562047
421837414
348778323
302780264
188241007
440556577
115609034
453965383
175803314
378831463
115782683
364617442
320253398
245429552
69860575
96030420
148638424
83235760
386761560
492658496
111136063
256426373
443827070
310783939
437225221
144551933
397281196
321518718
132073489
135422113
256444628
73814217
194536951
280960324
216557245
495582591
229570940
305424816
174168092
300051343
145439578
187272446
369001566
499053021
250433533
324369302
392046030
40042628
162988779
463336231
352319666
225242913
435255730
460885286
316106512
83943267
262899755
146773930
361072756
352316866
388837197
288652981
68031018
219793123
69135262
158737736
488597314
488632910
474444405
293983133
293707656
70209815
448950736
102869663
392820436
436969638
98880449
64960987
421125257
22094702
239019932
303472009
233884265
197182628
207671879
207629233
57172489
493097995
235739570
407687434
121332461
95247454
29699268
42650549
108211642
83755195
183399196
291316052
279615476
434015480
422818058
292610287
40774578
224686884
207605342
220259361
53808318
377625524
36741061
196045647
469691168
97434993
22206588
244497000
181309196
442795035
435587913
38313732
280141363
111657951
493141755
354144609
218473175
472165472
245473688
258034888
160542652
74300978
223716593
440603565
205414764
478772958
421529779
361700804
389807057
251070970
293036606
470064680
93641781
393083635
121636473
301292617
177471425
273442369
311624275
125536531
33883867
199004995
362252175
349104403
333350583
191298940
132616452
89334055
107471368
106898201
295901571
106223499
432837587
331799826
356428221
406804091
264420989
367157219
139320037
312707890
391569201
62948901
155684736
298695766
336420306
58849094
452094514
360290162
181003281
153171367
70628085
292923136
117647492
457049715
232052048
478403725
72905850
135507613
377349369
58711635
57750600
117571556
131266185
301796945
300379747
187263365
178303941
77575912
29816069
402763854
230350462
334303954
104811058
222751693
259174521
325985440
144062532
68826356
141356149
110624648
232002397
97752937
113076421
104507298
83242722
28860532
441245755
348280428
126576710
394696582
445569803
256378195
88705158
364216421
487918191
56835620
365044973
26573512
158753018
394303246
68687078
44194257
231624935
493762029
317225381
119536268
41932319
271937350
129636010
415991740
32285070
373534823
122559045
471206831
60406314
296507324
57328926
43084611
239125759
46122390
409753845
46201958
482801875
93137927
173532114
216748525
59375665
153595058
316629520
152548509
197518137
81136630
52814064
101585637
177636842
383190496
403176813
379521595
151076775
57281470
234068717
60669056
273900534
403696310
52996430
177294582
307005291
61395268
59397557
223377034
96488434
459677476
326148340
418569335
480946695
212387985
341667578
460833522
189244994
427883341
174420742
164128086
254736343
323531331
462120676
96744931
489902657
62473064
286669717
168754804
449477669
374972712
198910511
233480113
469815551
51959349
365766853
170539479
97493880
232746547
326924609
44407450
153674312
100991917
58235855
96792056
33766511
417822016
272991285
288267697
218322419
424255766
227784728
300240209
240426811
228905757
23135083
252152026
494040566
161043190
92143842
69416110
477590737
399527179
454025243
317544523
448999363
413458586
356983490
84477706
388503940
397074380
155006043
226048536
337861889
97196387
223824969
36427083
319149153
149802113
482051114
497886529
132868581
24985069
313711299
39064919
68527650
186610912
150242667
265027795
106872082
204612910
363411336
62306882
278727317
423962330
477526720
451577186
384683964
228646091
361688200
195706014
69504238
416100285
228327714
265923796
23773199
117130680
457565760
461928398
75348839
314706577
400829996
378295930
439807580
303659397
240570287
461219858
428683864
288594165
300024188
49381787
125287538
322273059
402590586
112345953
275137503
207373926
454404917
489861817
193181849
41375410
165729339
282291318
444277843
112588220
242999245
304973821
122105277
173542627
59021318
215694050
150115554
342728873
182894400
475470969
240352201
242602033
22999119
362861078
340092407
308980078
163655228
185793527
260460204
279475951
232960504
384934336
383659665
227670327
154350854
293626922
403567743
475714830
408712077
274803509
27418877
494826759
140542095
428832494
435195626
38621908
220338755
492887421
82793585
240773939
327429175
393100676
366252309
132913679
431886094
303537496
182905285
445363057
406184891
77139781
451949362
160782546
153232933
182043648
34886801
197256325
378816644
478319848
307926498
152250163
482344316
263172711
491153281
371171110
24340933
44625187
161882675
445596004
432692587
27506879
23932918
165896607
304922497
119096327
470221443
417350877
154347480
405521837
468000271
461316717
414045170
270794671
147236697
150382688
175293981
446530584
60818659
178752706
249440749
335990505
358089447
158529219
412582335
64242333
25396901
52505850
403019612
178533584
301788742
54377578
256839892
462343120
494967869
331305258
161554574
198873356
439763019
274194131
335521365
289517414
167761440
21609116
86534669
64078968
471644758
473887673
29447381
22527117
312431996
389439163
50840379
408644965
402772215
161335779
106136446
397788870
130153052
60934792
265930980
188128137
317465586
315235345
138902905
459337359
370666574
64556548
142543220
472648654
495867357
274013549
68657276
413828943
198516682
459181942
423904925
268616084
307573150
210330995
152605945
463323541
285048154
56569702
233000922
140963910
71504996
300399897
81949327
424563018
386956064
378314408
344712435
396549904
403944550
398547402
441036025
446391393
411415175
362079546
225598091
256217631
146141571
178664025
380187883
332472700
81181321
309480718
139510796
273916476
496209838
176522294
136049480
389556019
282928846
284076819
199333635
273927665
38196239
28088745
240555861
452543952
342524182
284035467
160268338
399124739
196799193
398088754
401711972
98081151
298978474
362940748
25355631
300548745
344761572
291644286
323062701
290694365
262256668
367440460
188880650
479904166
275112998
431023267
466103023
143343193
249267164
449631621
125829872
98125887
90719502
313926054
365050023
390851669
136084345
441107010
357590599
109635915
474388880
114751262
199333484
35594243
54360701
357861154
358568494
122348666
282607344
199123862
387335935
300181777
354733355
459027202
64455566
343739941
28886139
422274647
484037722
137121630
22361049
490035803
24272098
225918235
83511353
85341584
313328455
49293006
122136394
472898516
172637643
73423353
246318394
195351872
77579402
241881171
379365590
334487294
435446443
258338059
25930400
261520822
378288481
49309271
134118991
278331317
213380808
237609072
421868889
77710655
295655315
32356732
103253295
204836326
77374072
45575925
200469233
97517196
196943320
439181514
317971435
431003547
333037259
156847335
259046366
383398902
324676321
249959403
201057821
429879176
310027693
314149384
389684799
227242871
399808414
88220870
246887039
357398584
135947833
445417156
490188550
71789908
97083126
232233957
266496517
195649842
73255119
259536811
434066904
321652185
21485474
227775512
483955207
199605687
107356118
21464861
119001566
304733164
478450645
164981233
75071759
423704190
498767880
388740205
271626467
112712826
222986604
494043077
455493600
298259914
137478631
74783498
87390322
205125722
184398156
185442038
406216906
86284747
231459206
140115018
198787185
436323672
25323107
471212639
28115910
230887116
376194090
477600769
460862004
316959824
230721724
196921419
433137401
306183803
134209228
54184723
285111086
258380713
72852032
42219572
365110880
483919645
359517858
90916082
130149253
382721587
47081717
345469815
489819528
272692955
62334212
55610287
302429717
333710866
82104503
360096476
286068265
168089392
247463124
344494147
449852383
287297685
454710325
89957606
222525052
234455675
36745305
432745200
98924698
184798121
263285182
45132816
97825788
420981350
472207365
481805552
31819723
415788866
431613772
110064830
284309910
426852519
77031137
325649258
169751042
339874001
325946631
132960623
275328271
277982544
282423794
356502978
228850603
187346912
429955956
412836215
107074289
147547047
234652770
41922348
41227848
346004468
321833269
256858152
278206868
129970090
55963226
263826151
327991261
71769037
406348144
234491943
348094387
32141861
293284649
177266597
134588757
313136232
474954402
392459700
120972805
428435374
301150250
160372634
137961542
484652027
479613933
22878803
291036921
487566224
60608313
235262310
374749681
110387953
231333110
227289491
256860136
263320741
150849660
339658391
340761285
412525320
228428476
301894647
173530499
258687755
149470179
321800434
273194855
307409943
403773331
112727265
233348157
137082680
363748501
334456400
389811121
458021094
190704047
426761755
205528092
214961046
90554727
446186771
283676530
191265241
423714133
250095276
320476021
360789864
407428077
61141600
109860842
162787887
114614455
35017188
118142840
305090030
179641983
142476362
380032479
151023193
74632115
468113972
222209174
149146032
454887833
284292998
427490871
222782553
366221600
272307580
223903448
475713692
398873965
330843753
236748185
115739549
380698637
195992297
456153169
85493033
333727274
388666656
278282403
310105949
307569586
397682044
139862075
460483952
441422501
186457403
351123952
197336741
359168409
23029640
382460829
181626569
345221947
426543327
108666015
451654170
201613832
360833065
57900369
100030028
209944667
130745328
46106058
53811813
228027634
312089430
302401504
174588758
40378410
430389960
97936116
484179366
426059231
401878328
454604560
21845390
62379718
367948494
362449462
478274052
465923872
487163495
291703813
284240766
285131037
441970923
275247692
171022530
415203887
259900059
493870551
181236309
90440132
240221085
369912100
388033249
320576103
312067576
161015081
330118110
416126634
144123755
480751701
444254357
237291533
479837856
395756026
295344227
299759423
130250349
360414487
147038363
442265676
20874416
464398167
103108366
76186356
86955957
239951048
132529029
154175209
332112839
173896117
222021937
164105050
68170379
233422200
332622980
175031700
198463192
350790106
352287923
309396133
21963580
336947465
399489634
335747814
379832761
470323397
153862271
271504542
483354984
150576161
331552090
151480360
334569489
428421559
291362311
92520993
357942577
185345790
266576710
62145074
314937281
488766758
189017641
26224458
83514941
405097781
130002066
273433851
171380206
30730264
496915422
120037288
314231430
415337807
247219905
326534097
330192822
267832612
379260300
390411057
104139304
25644106
30434852
187069260
405572691
329546676
226871661
413252655
154530364
96893301
342938371
87147410
200072070
237470691
381998662
388991032
361299614
398814100
61554564
363093055
79003940
57729021
322451022
214174442
27581445
118936133
89937164
302357776
170109284
277992259
247858073
472970853
478170209
465149287
477141512
95662657
210730822
156720980
432579459
27274292
437356174
233762712
52035764
460244906
254042501
406572072
259161677
88746489
409978039
415000982
421670110
65193680
77178856
165693586
60936058
465689220
477259737
336030373
60211507
473684658
145181417
460612751
143886485
214661936
22774905
344303749
183998330
352349690
474894849
371791669
206964464
474201419
80826375
482060557
137720895
162645839
112386250
482434300
369940712
168898967
484361887
301297882
21755605
452156466
158056830
305197525
287348314
349032713
56874399
439119244
134565882
110637054
488593479
481304041
169501823
279202232
396708892
286349853
293426972
131904310
270450322
122317609
229272025
101574616
175748459
156140846
85124575
353231493
256077508
434080712
26383915
329490700
178557167
23036796
280922803
271540215
209502899
283372208
389187914
266893195
157888381
350262373
22624311
439282223
405643660
26382351
65205388
122561720
110700649
341671458
432761215
341655572
121788588
448226884
224124694
72443518
451365856
376271531
244278540
334301934
417212800
62744499
347850182
242267456
226952659
383896285
40684269
420968413
75018695
318301839
447781311
354793025
228200155
343776549
196269488
412375185
201433607
467876565
476521854
229236270
421816000
348899248
59090013
103684452
432991592
108539536
157358697
33269749
101190547
380247900
244117118
366487138
91587216
273061207
387726744
194795289
167863891
141359014
94458582
344054158
244422724
151844623
295170246
351187881
307843399
113652073
217940041
348070709
22647958
342483172
98724651
108607715
71477917
206254067
436894858
174332841
391306978
49701492
175095988
314711132
255762903
332113810
139733176
374472756
275828233
195492790
91054904
414248363
232026228
443340099
142766593
457893395
149639442
239862942
269726991
489963843
214555650
326699292
392712588
371237866
185675064
392055530
130644005
269814891
474477631
313762288
44617707
365210089
404610345
105690751
253809027
410584094
253173381
231213862
48982321
493497355
213814467
201097883
491383917
430649810
492643518
47718441
156868272
406097752
102670985
32719623
142144953
430466797
378650525
156806952
148801926
136220318
146243179
353082158
413164082
457733924
64028897
52058686
323126862
382451896
416217557
210873407
42893670
416631646
397036421
230639895
125423090
163426012
323963454
198334322
299666685
212876424
306612622
77250830
272664293
479642095
104620517
85335169
438414276
73668277
324890983
384583114
100324592
183174280
394801963
31628490
390725215
233306644
385318184
467963597
26224296
146336948
23460107
447598879
343979426
154018496
217126080
345260181
337366707
400557691
259715632
253374978
66375969
339348191
177867538
257981255
269488841
339312489
245847031
129297747
131602094
373207764
178177481
465240907
337665978
160431139
461155532
236124653
351911805
224607616
199161747
28317504
448696900
302059464
105727996
172753546
330712584
25528175
126782110
86318274
40072326
464159009
195335532
271111474
278876472
304643007
254404317
462189102
246598268
131952841
80518466
67812999
35805088
295337832
369956955
203411228
301943873
435282224
471953365
466042996
289651723
335772723
135029858
281330130
110724098
381379493
47557638
280892895
381413549
415459096
173850184
483101346
390589677
110762507
302410180
43804670
26235558
404486716
323276898
175724113
88490279
231311078
437122872
227840779
483011165
387688356
418846084
39029437
431836972
395807883
322898729
37609162
494858389
325453846
89493871
173320716
288148147
355455437
30215778
163232297
472342680
223508233
199392273
493893060
245645966
490130826
452262597
99634770
97058149
328130680
143051234
93713478
481400724
387779644
23589089
271417930
116164971
301132555
203568620
286844636
327008154
474027788
268014708
380863289
261480685
241932782
247896600
298958346
391177548
471086130
107085360
473738373
471352404
354351629
29354026
348100517
137326246
66034339
472863291
157488507
293162667
176749809
243476541
131290039
259125262
398207495
279909855
298257571
309102612
66887632
77346453
423617910
386842994
66313909
219239376
243449599
256983603
151322407
28065280
308429720
337244375
194015354
474151343
135620982
195929003
235620637
121395237
495479841
94289953
386582578
320324119
482201664
397543203
152189415
26468755
324567990
396240823
41794819
289656279
36060686
461966964
469588724
319948015
161075365
84333455
114749335
359804619
388902988
92859212
330435345
91319648
232082518
334695493
450540290
94873623
384496063
218152508
305698965
413183897
161699890
468483607
465230982
154740981
153008046
173355790
90151916
203528348
206172179
421608649
487412365
130865554
187979107
485739350
297512214
187789272
367712511
489764916
37595847
477578871
160449486
172050797
105440310
301210713
246250406
287863380
428607175
32810500
283202011
419000394
291758513
424657020
335033941
407161117
88981830
135876090
305581085
332891163
26142995
395838760
153599733
495156420
166089244
150944416
250741980
120892700
460128895
118880172
211978285
458212688
102785514
349148245
238206951
401370772
316828881
390035592
439708893
257746492
424378373
411880630
255542496
178254956
338932976
240312306
201144318
91200533
269400787
482745138
335544685
319756863
213621446
71150139
484574219
243353445
62357995
28275729
102479167
221831823
161079893
40425099
497577221
424664474
195891519
242192962
186039328
273583635
124082059
29531026
95006601
163853005
191421351
170063337
43520343
357571557
462529560
492438590
255783910
226693133
359760141
76203005
236850048
137420588
23744794
186006221
193133339
353633335
91264530
375315211
306441240
370985537
429720874
92247483
454738127
391014407
235308750
317547928
183078174
357865420
485508116
451201691
286669798
416021662
361050251
432981334
87921415
439577273
115290588
453709693
129741322
137030369
26462266
447189470
421607186
439803642
263499049
144867105
354210512
59878541
294654746
71097353
350264699
395201133
115546149
308132999
459226579
262186753
406334014
364261409
78522675
348824384
424316085
447459781
259944408
390731981
455813629
311178010
42468890
140238793
480360485
212197048
112108119
352102383
31468092
329178276
109825052
189697485
153714029
159840772
467852801
213115874
334768002
71194324
128830100
492363026
260910875
309495635
306280886
54883389
78982037
211655433
21947888
493745087
443108267
239576482
239582410
328512146
270402668
238331337
134135732
465599281
24415081
460335462
303833180
182107554
292914239
75686081
69443726
487295277
198280602
414537492
401034188
188190719
442877623
85200830
288294165
380061533
373043911
348920519
375804054
364251425
70662270
110754468
275051234
96588368
39617074
82089400
441844499
32738284
247838423
266440619
485322329
148753102
351332026
139719291
498227474
297567594
324151288
146102812
225433152
373984140
497866772
82046699
275775513
310645092
325888900
494960538
373530359
193700995
434593448
278469754
275592920
351153437
430404790
95904482
214808316
135072452
487049570
345484426
234051567
475415047
87347940
298503491
207491350
375249841
209608903
268717109
439570063
77409974
197753738
394250820
376786180
422360513
218919863
212315893
425272891
47368010
497393261
485361424
100720928
21710349
188470011
376354936
74713752
371639794
458913576
349309566
96455848
26099161
275544667
25871911
182669008
129269119
289335611
459959099
422552783
270451363
191162639
232491717
332608307
280844723
107280886
128602248
136630305
316912254
35829368
251075903
213594074
231797031
48615012
114795521
444282127
158429328
152188573
302646433
486936972
319615697
222577846
278297441
34952968
173778915
150605716
199329537
97018486
184405601
322353089
473110011
119636282
46150791
354036411
106594668
464670211
357973357
340085754
391216056
416746550
54636961
26297929
400747422
98240228
168586551
141223738
325395023
99630052
370582962
122828792
311636979
429909135
219392955
441987199
91365358
177348907
406574013
280456944
154053962
365793964
71778395
289533530
213384775
94456418
240300808
308255355
305743825
452406111
391602513
363995457
115637199
329988505
451382875
43014072
449395290
298405311
498866848
461849490
358931630
98819060
195091617
281997386
152434107
256205367
270665434
100728780
448693893
418850173
340649579
190914882
416456755
390463142
175470035
33633880
391681312
52708245
333378631
61967673
265700905
213659760
366409965
486119609
154523708
30656626
73948325
84455666
264878537
347891945
494331487
341308871
37762821
386899549
316362750
141390746
343726764
147388531
58603984
494338301
218021070
199086901
375943100
313398362
199120449
77752666
408782566
102407808
174177039
313986340
356563874
152475657
334051113
273018960
437059825
266775130
397244867
100282068
83826025
108822949
105065741
99260352
183059519
357949065
282092740
216556453
84187578
435615715
423287235
478054608
82852724
402059664
95122821
85977933
190033001
494911222
115851648
103998064
146056546
173024704
232250943
58934439
372994814
370094707
170246146
73933317
103338670
139576271
238636004
402604118
250412827
305613028
88533220
302738172
106547534
164528231
239604167
371153275
323873860
349306284
99874141
479519900
140508984
156911616
454070995
104643880
182392736
388190135
384701535
398501785
359451421
39002501
84505323
265585276
137590012
366895126
291533160
395683440
36587771
409481559
357969163
105247186
220197664
353835892
191912796
273866471
356468001
338695623
329673640
233856921
32502422
447031403
361597669
227386921
383207756
28282555
433826148
118594510
420291214
228788866
242918064
407500468
20462608
282591572
284800488
79133650
108336895
275149288
270927584
360481144
144936063
379146753
133541215
191406178
178290170
371913525
317603273
264766259
75407436
41151151
466967093
83985795
302594687
453485460
46890796
308286658
486406196
463741035
398470828
428646639
351695523
345448643
121822531
449156655
128775977
219875956
90342770
344300149
422035563
78157145
161623140
488240593
193359286
176555940
166473247
162888972
482105938
420213672
36022479
193752020
358221775
123261586
161668857
154363321
82726068
387095657
290193893
496790938
165846407
77403327
123092720
234715628
444495332
363831150
379456245
317916867
413534939
193607436
445614539
101231167
29764853
299223230
152030395
278664697
334932933
221468574
425164125
348525243
310313464
383316743
335626753
157541214
35225620
173747106
284954405
268730099
139413128
342722133
411522636
86010950
65732531
414796966
56741001
278294896
290196121
329902058
429694879
373518670
161806432
29930040
229446778
149324216
94988102
499593896
413185184
114288268
256357824
472989299
89974563
470392092
199232119
384006825
174842686
22933219
182484967
318024669
283345133
417523078
253523085
493259579
283028502
299589921
267593341
216394630
299271152
117385402
388605042
337610940
289241076
307996830
107736327
305792770
105824664
460651229
120005081
203190364
460107952
113155861
86751599
252226768
410132036
263566690
482094519
337852714
201993869
215497417
281543058
388221249
318390846
391478296
406417756
63358959
149192950
379823661
339278217
101904531
120278700
405736983
302024799
315027212
355506974
323298297
417837223
150059611
145359642
422870798
69778315
76224132
117511220
86623634
387626287
394588186
22996542
64013137
289887891
208445108
273936743
62120422
222226791
110316212
193640250
322870260
205104157
172829476
383610614
146747176
260250855
282233808
229424618
432205938
85764207
319197176
209754971
260896565
360173442
463830570
164675301
49369254
213062653
441762903
240250673
177725212
125664997
50929708
162105889
131236680
486375197
362766780
305392183
98233708
492847460
197633419
231659602
167027317
257151606
162401332
112827064
433051731
124003448
216053975
282138346
190436604
134060646
204825888
350221059
96419372
432495117
144961104
166938093
174474447
457651032
380669905
21495115
257348972
449066265
382559240
41635847
217090984
234163978
423558254
389561197
213038267
112160132
34148204
268950513
385123633
78324806
138412722
153513675
95095539
391890452
91695955
149125922
389631740
136638849
90326992
491060030
283032755
424734727
270040475
402426506
346556116
159447571
37898731
362190337
468675748
376040438
317593192
244193700
288559082
311044940
457687658
115439576
191665286
479363647
277587486
35920126
374505973
429341576
495463511
162423984
216980034
147240834
237312225
80585493
312071428
273795688
284808925
76212336
365201697
417263082
118599744
497122603
294001357
390438299
169151561
175688119
333514293
357854577
454127330
80528686
290146517
212007995
226891260
99264729
305985065
131755944
141079858
403764275
87295963
425379526
204558534
101816683
217243505
73303140
117171374
399825924
413614076
265853462
22323261
207955779
156700974
410034656
238084620
154116331
84640365
466980950
299692485
478750555
407626902
217961150
50816318
406910303
196927301
169163440
433661031
393289275
357017255
463164600
284219124
157753248
159659249
21719574
43774771
314702214
230846363
228476516
360275495
314884387
292792424
73208831
39622986
119159978
177897898
329776371
191071256
264805881
449923192
303326248
470268352
193041026
243284159
141119827
171416256
204738944
496830829
207422639
323710020
127481826
40060034
93573758
235292229
262704665
68674807
135396559
115025040
305814652
349823453
37530141
256715150
177993433
351935277
55643797
194231619
285965044
260087336
296253717
379774477
88525357
156225768
326183435
129791692
281075869
292201904
28995788
268243053
70776167
178608065
465273246
271687797
173179770
105287135
308625180
119017091
425143097
498137650
266791570
67776042
332983792
425608213
64252988
263259335
93581864
419814167
44761142
338005187
404460422
120671132
160902819
432378346
307530033
212050618
386866980
345232878
146621425
478087774
288011500
32296408
468981826
63923628
368224058
297159715
66288748
285837499
71616198
414162589
115605692
288416168
160592708
203148748
165591893
143718699
208879796
36350091
353228412
88090885
108757856
153228482
23695293
203478545
172347973
447967751
132791247
449223713
298905001
325306139
484286694
245060168
264952548
354068396
249274474
458842276
400339393
383657684
266486205
149080774
71191721
279232042
379782870
252665712
121779360
426205630
391116935
476765826
331526046
262404623
93602807
69203718
420817948
226320300
262884554
377876598
465193377
337958380
272045791
469933344
243001179
232122964
455976968
244823049
257491090
162362182
22633300
383198815
167390960
57420548
459854331
202748491
134486446
29011933
395400430
78641985
169695209
315436797
318869539
464952629
183748315
150386184
425347282
33184924
190271922
235885557
390963638
447812200
395370459
396781584
434709840
343223952
215463981
362127078
220162811
349372750
487507853
417129266
136797676
475471965
165133903
422800464
318909394
372080114
48562458
337219873
26683954
465944666
170233233
314809369
160348167
98221801
474228138
112436835
195900831
375609595
239791940
191994303
483022624
56616102
35430525
343601248
424605002
162736895
146629301
32170612
395626380
334066275
343722713
328387000
23172399
205149878
128807046
475503666
90013128
424738798
51907466
344063313
285572242
242278774
286031659
313136476
245493343
362539806
244429553
224318600
103289701
29161933
158715633
275473692
52406165
485697939
461181476
64885021
315306035
22100073
281637933
420892726
265835941
320378560
491742864
73088579
166217903
337606281
100682232
334271406
75431398
470027447
386401843
497098396
30689645
24381983
397286425
398485475
134739109
419186512
229147904
420084705
155016295
299395741
226853229
170105756
30135689
211151994
236211551
29904252
341823895
71154504
234025191
261244044
200202083
272644290
353124270
327530165
242033149
483615350
394817137
112492088
98210955
49079855
359422527
42568261
49022738
481000673
461203968
352151370
193926718
20838397
256400666
417935735
35546900
326347901
433494049
158766322
65485748
333815576
410744177
235224889
82781818
445291727
496320219
199895754
213261837
251479743
154914170
173297340
251185275
305308024
42744751
354791022
357013826
78179247
345705080
249336515
424369121
311868494
308431423
407902104
227495280
208671099
326257409
215338812
297766261
283089445
158956168
352106800
259406821
268301816
478730348
356241190
455169669
362509586
399533378
360621763
213838355
466073538
485762515
303667286
387713918
481078805
97371449
299895859
323759016
475408992
340735687
227287131
385802160
106174446
237079513
206392929
73571753
258432613
123349437
96644173
475216023
348035362
157305985
471561880
93642923
409373713
25151136
159714207
187516402
338612689
131800132
263058239
423319710
277835181
110671617
73450743
28694478
393238368
148233201
262630169
306442365
404391759
63435728
307743704
391862005
188819549
410735180
320878106
295638283
46886414
104172630
329032525
204640845
214127607
487397409
364995291
77270418
401678512
484189030
151081228
123198322
156492092
187567308
226436511
135535139
412308851
135994196
238798428
232884678
423541078
346306649
489103938
387581358
292589719
230960496
483771847
138810230
210910114
83327784
193967177
297801575
53915530
198152053
72109711
299230880
242648396
23533757
209325942
356708512
357770988
409935759
267628605
469222838
249082513
192454774
477132988
148990790
216430504
47000358
312534380
293072192
104067985
155278372
141821534
62136175
214301802
71554952
405952230
155162548
377481301
352075671
252671788
347165182
425867128
69133881
311887113
202211457
60856877
219382370
320380719
498742797
382256464
54481804
230427337
321337338
474962157
108722978
263182122
107761087
470346150
456474718
86824759
403135715
243550602
423158546
116671206
348199241
64662086
86381736
381116528
260080292
60843043
126343979
26207108
391870299
465632966
40636960
132489833
114878531
355795643
178212031
202976875
438082099
383265878
109931598
436744386
388726509
335278366
196976683
180247667
324159054
98130255
143449189
364423078
145827617
295178383
189738711
312481692
381723541
100338791
366978437
259737521
34217566
452026431
459543498
356602059
283128522
441589831
407252969
191286480
391948309
205986509
490726244
349004931
285770825
50585164
452274891
487291304
128050339
95611037
209263296
71458312
27736268
42629797
300659896
163865668
263998176
497476440
216537604
78382151
364560520
490527850
475219766
326341515
68134264
111530787
187021041
367207236
281507281
180491879
439697030
219900521
222507814
228483075
236151039
296485903
355851983
331714555
158658090
211297335
455622305
111696353
372814294
144326544
77004211
347230416
384492100
414670554
393793742
177276956
213564040
498085132
41045659
447902336
353436515
398514465
24239243
218425318
396970687
333864595
387906723
45265272
378240940
471916703
336312021
264512502
166405184
166175637
322950182
165105564
215202632
149994472
479726621
127761898
267326369
413250998
179040234
73526310
37149633
456566718
262496881
487256691
379876346
120674977
238349105
240426517
454285714
264838436
315357724
455663670
401771465
491017622
395776758
93970060
216637812
126625945
417900680
252669853
123998062
456329819
34347488
177826473
45403326
139472258
254347728
429389504
30752804
366284817
53454657
106370890
292866555
162360771
449340884
214024167
474963142
161883708
394328215
108825318
65389841
153037159
301118968
248243740
414127898
222920382
366876114
75484610
441364485
405088703
462183993
308198430
42456606
402293378
422451945
328080103
296005481
347942804
475621577
259141409
21577540
322851700
495685176
480451654
499314851
305930199
22843800
246553372
321136548
95147066
372015914
93368585
80434339
437381297
277480687
393804511
66971334
204318224
282268455
297700301
307609373
31376789
83540300
201297452
35932290
286500419
487772742
261963897
30427228
70065887
488078059
92360561
378333931
158414005
327798460
497520421
249469529
457613445
461713151
195524582
320869830
122578548
415644025
75021721
252343643
452100450
150386537
52333473
155193279
364207294
351800751
444137257
68871423
201412955
470796947
480651666
343062033
396658624
165547698
142735891
445723605
268166643
314072758
494841725
255836667
377956907
456211486
34214754
225651775
233588234
121341881
83850940
36677555
421084854
236249761
493888588
486326021
285818764
280449476
465303191
237312970
291720220
276055297
254551122
112913325
385895569
96956773
287925836
201966473
335342702
480712135
307358629
33888554
79929461
141762384
490047819
296970203
30142762
168438080
64842722
219107081
329329758
279533641
137604906
211381393
150806853
237184787
394463359
148324937
169708902
217243107
57397109
265636491
119990511
185952273
36687561
333018052
290107231
388596315
295057651
292300262
474086356
448869661
184002940
100029771
84038102
460613898
378219597
421176550
458088122
426817144
484029359
87690645
303932709
108971453
199194615
159571268
494596877
27020271
55035794
230772175
395277874
349394977
110258830
384946031
217827819
48945208
167947106
393106002
176632057
157096428
342089938
489758057
160119727
38397354
394147176
102446234
406935391
45390216
270114814
289626576
407501812
457233206
136548701
78065638
319135700
246231497
375483531
226034482
108795048
436366739
216934425
476204705
456096761
360388247
430133715
35781501
154105904
101117181
271001189
56320102
492843630
78058185
91154388
331991842
377078750
261713171
429017528
496401612
68831320
299521089
404200628
209418326
270774708
76250729
354660902
195437963
487706785
319248407
127988151
285383623
209595217
454824150
350305365
74102939
125326182
360500332
300040226
450343525
446143146
393154941
347072586
52183702
175400468
466485433
49883714
196822992
224232662
248662453
272684656
487288427
279806392
185047247
166824949
200673459
234444800
350511698
153222220
363904974
49129400
236808066
227243246
48147283
313661879
21473871
206600336
497828820
443597513
406092860
455620451
461409379
89592736
201762047
298205890
428092185
280660760
132424998
50268634
465135059
369927456
359353421
294949388
146656630
235403116
338346129
448989687
68173892
174481135
352539704
222985272
217319755
483716015
279730608
354825038
407041110
424162014
416118291
331192091
470849049
359024072
488603935
362481783
293589104
275425706
216675246
124494693
406148796
224099569
38328659
37918149
205658484
499623375
52101994
347579174
102256340
26583475
426954231
341384909
331322641
420505809
309666028
269622979
56222751
110322092
42598970
274744822
447595986
401285897
258419496
416914451
333254733
497750561
489160084
303553987
396392106
496248959
281483047
380575548
410979679
238996274
381158228
259049905
341066541
395442948
331680702
489422821
21331071
420606185
340267460
294064379
173316109
258710038
135838468
445778460
259637130
291310600
67410400
368747372
37248062
271574187
484354052
181066410
496831824
355201124
307679822
213938314
391179035
231244856
216133821
365914426
26286791
207919630
152214360
178067470
402774668
355041294
414103033
387726809
128778021
86378025
218640781
107175810
379666650
450407207
376111467
138490352
164105939
92862656
285311866
212953080
353816876
228088319
198939492
327869673
284309022
120141730
349243357
420326886
249120405
31172471
204929331
467135638
460475547
231692467
210059525
181173491
122565704
497319798
231200227
256622420
134846295
89182809
126567450
69264588
172757867
362560885
284088665
369188399
109941200
43264757
142703079
459896766
189730973
472219563
237595943
220561879
325404282
422361120
347703907
334418554
97868090
484124014
330505290
228746576
88871585
91807371
306428905
434949160
237784237
91604481
337982958
304220276
99575301
409145109
495395611
309026929
304166133
22736696
56863007
406162914
401993495
183494670
472192349
499251059
256595878
153931555
96210952
143458496
317767149
381381180
128890501
344248690
376507438
168273624
491719189
312197225
171007380
88067612
224123058
353194729
329147020
363965269
398697816
355099216
159587077
81753506
262291177
75117469
424832597
342084415
186953306
421616251
442531048
122525181
316618256
97006235
33535741
365627817
146778272
125855079
416405921
174008851
221936429
169069455
493181404
386727848
201546286
178855748
279685206
221084502
277935493
32476805
170159507
338081821
60934219
445520078
100043096
220816820
39353368
331851102
30991110
115461633
21470888
190914630
58988662
275483073
20459480
306910060
245529137
365574314
326566336
247642137
495824823
185436613
381805924
326568858
419454167
277630396
119394258
280336425
206986491
149165901
479340729
413584652
377094692
295925651
68182521
486845467
407555190
297678422
30209746
405952270
131384279
329029615
115948541
70271479
280932535
325370799
41829280
95445211
185882632
321098512
468015784
23816055
380799871
264951635
238242860
422474768
473263861
77866877
232209097
89251271
133721572
454043484
96131589
496972547
257118455
444879083
247204976
472135423
153120633
303315811
130551389
413159540
462826442
126628440
189158482
352492428
166403721
116478921
107071617
174932340
288310356
424302792
87286389
59831909
234169656
448748457
376701033
288656233
99570539
56463384
98807174
64077540
299597650
384688558
325111261
228880228
296783905
46318035
178356968
464903846
48804193
47546128
397945527
308509477
32037888
200569912
448403060
168372160
135852778
274607538
321248852
381226987
266106608
411369040
273235574
419747038
76870591
329470381
139216511
166857763
259932238
455744872
455528059
88773856
468384449
52277962
179194335
40640825
53810239
46930191
370953803
228712577
76620475
220900665
265206184
449653720
23723601
395844613
223430342
176615204
202516005
154006087
121099230
190521890
419972175
325308785
163371369
478548360
491126551
432288263
447667980
73084005
472897511
468325093
142374407
250153629
120516796
229464083
462621479
268415896
418661782
253209765
199562859
136236750
425350875
445196906
411307823
128233622
73908060
408597201
317297058
386935926
460519191
37637465
423502640
52708992
79123796
402799492
192293001
123487127
107928909
264035786
243547528
194987887
288320126
63611210
26088675
243971053
66129533
214108479
338300762
455980477
463913265
134180971
493268254
267273681
31945322
387041689
467730720
242951214
333291275
435582821
417611326
424193205
72802318
469601480
320859417
244265504
117347807
185191353
185510152
114285064
91358716
433297620
440519596
238840452
472463869
253413427
449797827
109053454
251142986
462804661
389850079
156631697
122410771
358027784
215832986
485130003
285641504
336457214
294168695
108925778
327151484
253097325
33431837
94722119
427803788
368897159
59569400
168682381
100641321
303133321
33186112
129068839
285748977
266962456
292311520
399936452
250983298
237269624
474508467
87138177
371503448
202283545
336208388
468590239
92523539
142505432
264963418
428905705
178934673
493344813
345525772
93148471
152835775
239239556
389692118
279493440
364697831
176636472
343832555
228642278
491168165
120924437
383433478
368911838
363443333
174484790
316965249
192051925
414938135
289699542
45410415
57888170
145256732
461560653
298415405
113303956
190460928
301282533
71309637
455072249
163394613
276035291
453321637
396798953
376730419
447877940
223335693
360603934
150645558
60081808
418280617
296615975
226396067
57722622
458308845
80455049
265944420
116143220
457479320
213991650
482059777
222972537
329709887
258229333
161206815
55092200
268063774
105645927
411061191
145756910
312710202
407169299
272456935
131189555
430632199
373841662
460293955
320856278
403641399
429980690
318383313
64687930
459462005
271890350
453830990
40543483
336040306
408275388
458455519
271857415
77896189
343434513
272005906
104090656
131935764
83764151
420288686
405885734
411553350
111820633
370681148
268094766
108317718
111739235
22780393
221507696
210209411
335499116
87229790
465716715
116710059
140177220
65965114
176613592
227792025
434758207
187436096
69785576
339336512
468469397
412889839
361797419
378812494
481438122
209473292
292185589
478240262
387065266
334134999
197439125
338471557
145067311
445746138
313432914
278395001
334884251
37337291
49598742
466135767
26017272
72591675
257446106
291113870
458683463
336599775
395142191
287130898
187185754
394314713
175746646
89465862
229685157
66876497
170485905
422701303
458826701
485429830
493361745
158072780
333575967
275623982
369397595
135633828
61685379
120711704
399497704
140164482
158349153
150577480
267287176
213664136
409491220
213984095
474767614
276476260
42155679
126564680
400133182
482541381
426383379
211891217
209856728
367458023
73586571
42865003
84906642
62750300
264649606
140592899
216394522
478532542
197455394
438741426
322310661
372512211
471073166
493595556
264382202
29149839
396500381
224749277
225434063
445725515
323654215
209630935
443352101
237482216
284887122
427926414
434641616
368632596
429104744
436977163
179715500
389387861
407838839
152478341
338531005
65825722
258334737
107982305
478848650
167865792
223493709
324220300
382487647
471048622
417799402
111931085
129774381
281987650
241274398
254457673
380194265
185863333
171712363
387539697
226399562
69559702
347514519
213430672
54674283
240587527
328333916
352241054
278083356
159837296
427597476
259352158
42810622
363525599
29836074
440468380
493350052
99809299
190721782
58459078
270032048
69628603
157750370
255314136
152279161
105158159
315992968
85450398
481502997
492307129
280069946
174441612
470636624
331508171
443856475
165820126
239111814
486357569
153937256
229442890
230692961
108386478
28591213
451666939
341383325
271072828
267644878
396816137
280874360
304565754
222267335
316010432
277433492
239296053
251782932
184401284
67635604
213197051
60882295
76287330
385947395
437992056
31131461
413601090
107328151
204323101
163622314
359720104
219286921
257474835
304337147
257364946
226797905
151998436
371073059
28649511
326607163
186810514
101917771
303033123
324769858
473786130
190396415
265895860
428111259
84415710
295799146
363846330
222868233
298982035
279964489
334724828
438710533
249626824
35774730
355757026
270654946
329328603
272141104
247496101
109375534
22433798
325656169
358572826
150499556
24433942
356945269
388200496
234510442
171871770
420499748
445490542
35836857
98036688
358547214
471118822
101571522
499548723
499580811
490524730
411898950
54444150
463911172
367810708
339045411
198592049
390435226
114973358
409548719
81740739
196777367
240515985
466026649
32442213
221599692
168284374
387568679
476182437
480680630
388245917
221546187
53563574
151934397
375098824
380084616
444020694
468475186
256554969
59728622
349519821
126053771
196744467
150678341
480571011
149824455
395326685
440250914
258676498
94644438
242336747
485142292
228650309
249276884
436294430
343087483
403033712
240326814
345913929
182781137
344854899
209677994
93425379
495106104
385640120
481552186
312878618
220414152
62376912
338852050
446515248
428847858
177077370
254289988
293599250
61545910
329924063
190691690
242936303
300227232
58290503
327075263
90675258
22697441
196070273
139872993
284796939
59240322
102502870
472630034
438381872
427502319
299156538
265447218
91307794
177862036
454310627
339538517
243569648
240373667
288801962
76160740
218033838
122343891
137845136
99586802
311871855
433333450
339242554
154621957
39289713
441361636
77398772
327835232
61454217
65567458
278132342
251198322
347693224
196778275
358207835
441045353
226803385
302136654
68798337
276513393
224933856
37060889
274189767
368947674
99145159
478594827
72434123
151086673
300310465
356859595
26193040
127426797
41609311
86921805
60445798
433499120
347401751
120057124
288129675
83392548
319550410
175064016
329779497
93440629
421885469
316950630
158457875
340200795
93261567
196162109
130114820
192272364
429185765
119169856
28208126
339310602
463147593
338503712
30890538
398334824
140264953
138653246
317214370
113727038
327194682
302375638
451084259
143118561
359969444
450940828
407170770
339085031
101324321
24926385
38940448
174236035
89501256
168332725
116962468
455291326
381934528
260893469
450400446
467827063
135824065
20455280
276071301
180569436
400092271
361154514
27940524
220331723
426789093
423518069
465459976
469286995
326478344
252616247
434789745
499798092
276932783
195617149
160698263
328876321
320783226
104319145
259333107
180942688
65959102
137691288
168135757
79536683
180443998
325823540
476453077
251730389
374770124
72984105
435216176
40456340
260043406
327772023
51295116
48994047
91811859
229385304
286341573
58876036
457864985
355176810
135080122
231660122
33308016
159563535
273920401
56341772
287898622
131340890
128532027
273297510
364140112
139806744
488843095
382567739
414050551
437128689
148451314
396482139
30042870
425860110
257940601
51357740
128565197
121004517
197274063
313005185
192570168
103480547
499066852
477097730
119993638
90263079
146917905
312701809
396183407
493976915
33665953
54204417
45744308
320141285
178516787
87444247
136737364
109295015
353704314
59256115
213182824
140833118
187500145
260976118
128276548
235849526
117447908
499262309
22613316
469096225
52048835
244817423
65808570
213736332
274792997
38090728
185592666
312142730
475956582
134199831
197560941
100325684
56355025
474425244
27433612
66436298
281431851
377653997
176159288
223022869
289265216
372138744
296821967
224683259
366852944
208098668
27699425
275704514
254084416
347462035
438306733
221899508
382287363
97815925
294696955
187495592
215446122
203451771
106874205
37033050
36260345
91467341
193175389
413105240
353363422
177714872
214653806
295788647
36390549
190976197
459700192
178640435
412773411
346137519
181189183
355300482
465946708
237287471
392048231
265183491
341404012
431105531
158494516
68344192
409490098
47574581
128684640
422930091
110075902
96704518
405226861
56603563
207920205
262677543
351035810
456340879
213818813
433317734
265888477
276457161
190718209
59282634
138447475
302188020
187595823
406709935
419158669
483629934
229343981
320339638
27763115
138023995
402789209
357382795
125711084
232160172
182057854
428306323
97413132
230477591
411650961
488097639
484748985
368538617
206380791
150205674
169079927
391680540
53569547
62148529
458683085
144253092
147031085
110779321
363318712
104287566
192996885
52556912
295033221
112378255
444494517
244508054
246759767
186473544
328286289
344570987
242010046
276081348
479317058
30780060
103307893
382363030
276423311
420409911
34868403
84858105
348511707
403023241
488662343
373455646
322474482
397633770
265613756
50495017
473224045
251899129
475548208
470688192
95207900
87631665
22413194
111208299
468295817
354689059
158536628
481243377
139569319
287195299
351558109
294350044
290674623
393416989
198265894
120584273
327894870
138356164
33242089
179490062
471397868
446299526
423044363
428291102
413247443
156084895
144207146
20789924
262342521
111543973
198448697
66635473
376126803
404873205
364958257
66495350
201098239
405189408
109297150
153180855
331324001
435434958
88914519
169414005
127061791
333059435
420281706
135520914
447059240
184840561
376387300
491367598
189182275
430744639
286650261
314715790
477054216
365424314
475182805
138091841
447378854
221244983
150346260
436956845
494402273
480769950
91907303
246556047
38016253
421606119
310320472
391242675
408678083
148812041
171080364
25104503
363693470
479225676
338790611
275887123
106218349
195091347
473853042
96992377
429849466
309744915
393108849
80809364
233654169
91565634
197759591
136527371
315018321
409711283
268109600
265357499
341309232
278396092
175646126
449321609
320755940
394557247
182637990
376296384
448443531
77929524
104520867
126279153
135615084
113281674
139453365
483994540
71307763
309923216
259042545
34825046
50765565
421755683
433798847
219634304
377317197
154445665
387352750
187669380
221076393
171749296
484222014
208201546
368444305
70757805
334152596
133260263
490897417
367197488
295862257
478370481
85354026
309639926
152096854
230589961
320775035
464079625
252581887
333579735
355578015
234965545
375655357
375338309
428701639
160340554
402038783
392246044
109527362
371765073
350243001
434317751
434615417
85632481
27922774
299938800
269807894
295529760
461436413
371580548
236296700
451869986
341800287
444787007
96108049
152663772
214407625
437976724
389239792
58622593
206689289
180138228
387320097
386929720
459131465
113019896
360786816
110596736
112834469
351590465
135304921
312637780
154138616
244475358
486093729
115522851
214352891
273024165
247737278
185371462
341864961
167462283
200798521
280967490
77231669
344096090
374512978
168535549
278397769
74496007
386558945
167319795
374805032
210176974
284474271
73642287
167296812
64452513
313276828
277443847
349366934
482319450
312047246
185044974
73986845
114669845
176474365
144095173
194004992
355358259
31016039
405354045
332034767
226240989
437449114
96842048
274522179
296228690
482819018
327026434
241885708
300530086
93553895
333817559
319560736
212501928
481550844
43952005
59815585
163992891
489227948
318306570
204301648
323186617
139382684
211789949
375687862
449208391
312154911
226581128
28367981
34299653
218729203
131860347
128167125
452470286
337218855
121927518
401922318
402755233
304028632
418728841
101340899
196159978
385044694
60806339
459135592
438771139
494149757
78847443
142646367
285544476
320753900
80319787
90101405
350055231
284933738
313133421
100379469
450935322
75415423
25174528
152181869
456967289
460202154
346974250
190430604
49747164
334847118
234871054
93038085
288445798
481277670
334847115
94104609
167121030
257852878
384444571
321075026
267528752
460419417
308711748
213301774
279226002
445741516
313087192
60374384
155219638
39416302
336749621
217141727
328013728
26558494
76275437
163466193
268171050
28242483
101426613
224553545
490044259
406398303
370509392
86135380
203865368
270582570
170364708
495098187
223811698
471789074
180515082
272560867
436163295
449134510
439081985
309729500
316773133
116478468
332506037
77657990
491695142
499852062
188160966
450816725
140099105
194146406
406767395
264906249
199804247
431492977
454096101
334720939
336817203
232359233
158938039
26243950
343476678
162583131
125390432
431222312
379281962
420754008
247073247
420120518
393826575
482891530
53361421
95499765
133416536
153402101
235820369
238100975
348810901
262912852
196462092
235042067
175102137
342200186
222062365
326323050
224270179
330026721
133936358
262993038
479375206
494915423
223733327
107319409
285619857
67013558
181867792
233839493
248881537
127953012
411134453
325531730
358345733
394802247
135249515
85591590
107673847
47846645
339494636
225315399
298693896
174071638
348059821
425200751
312456645
458236535
348092813
142087274
413056025
190222175
373748403
21372775
200771268
50629156
175490360
483462621
153966960
193201573
109405399
454627256
102867716
365663822
155890351
254684955
481817712
411333739
64436016
198115179
174577367
175533826
150559562
173539351
349351503
461308573
369355670
53882513
324313081
261182821
90569976
246948885
468537686
302025903
259614028
46080667
402348207
164795354
451583520
79555984
237094805
253375992
482900074
208507843
263097351
63621615
274435160
466793654
367520311
461227069
317961140
26588151
284384295
299734710
180839870
130338283
470592209
491629886
226345959
166628999
458347865
167898932
455773608
283666000
283709743
97347849
278099437
255843163
360730495
253944340
425339705
291231532
298004752
30079485
313313700
302002431
462312414
220032367
395712336
34441475
482292070
119548580
107644483
290807894
420524984
377302760
302599163
425318134
433845266
405270537
236403911
373386092
22900750
265569240
28759977
432655364
194981182
356897546
84974921
37464582
164504555
109161484
467776139
383719990
54661453
217286236
304719504
94224810
267882965
446712700
231212777
278448194
179574755
169687575
205981006
179739406
283179168
423677595
274272114
228874700
439697287
137389405
61105736
409994980
467986144
264244336
303107397
338457839
38629410
169428927
409228278
169587983
271672472
144139333
249469235
491034814
316891261
167205293
166222510
323247015
447490485
248828760
471209085
431344059
378851941
361763314
326406945
172469325
74915457
353782924
159135789
272960828
188221760
283302197
440661958
129817522
427414718
279868713
46260663
115209168
39344501
239053979
306269829
230845228
181051305
342769464
238241766
282481075
190093035
203550125
47523854
20831673
340363824
276806653
329459740
36616764
170579607
408559998
336388413
415211861
417998326
303778471
110693885
197040718
83188059
393900913
450517632
229777728
210349823
167351644
305788983
466312695
131692024
466397146
358395508
493621558
276437710
328555740
85515494
283155976
159015175
357407355
423487650
173491663
356315261
146001193
481771298
315971769
254607296
250331770
97316127
488226161
301737188
236689413
153835496
483042314
108896106
61931315
373969732
194174160
377507783
299687837
213971635
128772834
303933074
299489085
158002818
378593137
439528632
278383619
304149988
341765766
218424561
128403383
81880513
464331692
343718410
175492602
74827173
349254713
208552805
48823425
137214380
272323423
401327686
219604576
420440631
238525940
326648021
156404896
91825204
432584317
104941722
249699158
233233306
209557920
62562598
381574687
230216488
154344471
300261444
495547518
116283949
217719362
333332451
260891966
165053237
386313226
389581674
51556614
395789028
408174767
317038397
386822406
312726047
320908103
303298952
321573889
39112949
53479483
435448163
120584237
237987302
179774438
364427819
416504047
167795443
82210297
141010615
65145301
425810939
35479173
486636529
424918116
70453591
115336743
269219407
146198280
67220374
58733862
70085694
447749151
379298346
329436193
103214789
21268567
437581563
212238168
297017761
352186374
404053717
306395819
283700265
192038999
273790079
281963659
155614824
288392484
152534244
124547034
72421052
218380218
285316248
80001453
268507126
287162777
159556541
494208516
397287466
460494983
320312492
306617514
328804801
399001910
379243339
441197737
323096047
263292151
98640785
338849969
466315886
339375657
49323235
140695303
350192742
285532676
87772407
439875595
223136416
150615247
437177846
98513086
195958188
169895156
42286401
212735393
151916958
468022011
285160049
270865857
132467537
123396523
64667452
494419576
224536620
419207837
88396430
296837837
397649457
341085282
30176788
283952139
136673507
242735794
251749934
176826568
395660992
413249204
448434505
30292670
275673166
154738591
262921351
41098920
321509434
348818665
217062734
296132671
222954418
25902971
466594181
75014887
250868874
254056117
473146081
192961613
241399914
70975679
234755634
129297862
269934739
227954402
141415434
111850047
440355089
147997579
249849308
361643730
362398101
101651458
406646611
33710071
357862229
344860399
434467099
318791771
227558023
137358996
158258436
328102465
331448475
157848670
53962458
155082402
187920023
336580858
290013868
124688307
498511656
409769018
208013200
115899335
329184240
437502118
285828341
252246716
311159717
404116125
217122328
477611987
361602391
335186257
345653555
49477195
175992005
258059545
286457787
371100860
291646830
121644661
337841122
298192722
221442882
160596003
463125079
366064986
481174712
203818121
377643183
228169577
175402924
474848140
250528700
27825131
269616994
59335465
489945374
353021090
143640454
240122890
247225594
296799934
410804601
315660978
336844932
109142718
224337082
418522291
456782481
325690665
58140096
387326459
336204432
164517916
261663818
273854300
87817383
489573354
226132146
447789750
87438719
430394391
180856988
327041109
156336268
287663358
334363604
223913467
435056292
364738088
484216205
172042614
281159671
378793027
413667881
414752849
447009020
62662354
467369096
196957552
70665881
477697680
221419072
428880695
330991740
297792849
321077578
104703415
330227433
323548159
318637527
225487118
235764772
105784893
475800375
256660188
140717361
281921282
265154832
409963595
202538571
337337063
45983231
93248766
86868240
98501923
157452010
428597210
402556046
349762994
176111509
173845216
294888272
352292861
56902680
239027291
423037634
20680466
304944347
331625298
417575298
496801852
499644960
77738977
188951683
144474339
388448912
27259506
301491972
445209117
207044939
311690055
294194181
67638317
248501201
363394041
160503317
27219298
106402248
285795130
89732778
54685121
262974365
336532038
499753293
252796175
31833411
373354561
233276958
391392653
326086651
290278510
464619827
68703068
186467221
332292757
168983683
424672241
455437636
329831959
304876554
258008902
153948025
310854134
399293636
482232156
385345354
70845514
88331341
210777250
187030768
136539663
294337996
131524483
393606636
29727016
92227612
86436379
56376585
147754620
72246529
30692545
175042528
244061254
148281793
389608041
74537878
219130157
121021771
357996588
120177887
413417363
213907641
137757369
42904797
330650090
337687722
124942235
441852364
432100164
212850213
277230292
412739149
240037043
232170321
135414743
442401656
210130319
39953524
375074360
98470012
306055947
481205955
466872144
201947525
358020752
89970888
290321486
474104854
457172717
178927335
424470846
193068424
186083104
355633710
134375726
391690460
351724012
193456916
101903418
187417033
72719094
90962007
118519614
127429077
276583691
406282315
451729233
459831806
121900513
39218485
411858161
374876848
62014406
331624244
491941859
426630525
386902467
40959559
444819600
133046523
227101458
257002883
81574034
79566931
181115896
164404599
179101633
347031934
492809964
170570286
488824151
114332997
433433792
194139706
189433863
364377624
493435150
212902024
449943933
21480965
326762656
458957466
99019366
459464381
329013061
486552092
273220356
493488874
139218712
211532550
315448301
210818658
159247618
40744154
22932699
218956372
162085714
49876143
277545585
205919520
43515007
130092984
428061205
253455029
487286939
73047840
106150153
460179949
492223957
455331080
190175825
283786205
61417400
154797837
160715230
355327064
88109056
256858452
308164771
179565630
140595719
309656032
47444934
360074307
222013689
205684135
371780163
103215473
468924956
441747719
22670404
263506623
481635528
477713539
40337345
141843325
237135712
408380010
87584846
94452007
49833403
280787924
353127773
25232520
162432747
340692831
361678075
67373659
392969193
248559418
30189728
235414420
373627166
30670856
376342170
298804367
137671809
236728229
313811957
282319752
48551102
430618950
492541257
336448540
404257179
185394415
399783604
375136764
243651515
68763574
105619740
116794056
299864508
400576765
255977599
89059425
179056419
269581718
258702085
126979744
112695840
483745400
449598357
126671969
462686345
89793307
86252577
164814479
207752573
320670115
222983046
27456779
421792218
371155137
110580748
351607964
499302504
199001836
422903691
233325157
396174572
33991850
230295279
36217972
478718799
325158730
108669228
350254546
56830444
382371163
96037321
165626030
280826885
333927542
242562766
214403948
194646155
65451268
50130933
286791536
364119025
75593059
419843091
494427004
475749473
425927799
134815191
426402992
266857677
167603059
436515421
243221312
180817146
150526654
384315315
195080202
234869962
445567305
318545922
206558765
119895462
387130623
122585589
441102197
30446016
270907145
98330951
205971720
243785178
75360068
91708204
409479019
303691690
302832116
200401986
75345559
439521629
235997219
338411522
45134158
377585782
268994301
421166896
234081707
469994057
399201087
138690819
237681333
115553973
378839972
450213538
443996669
211174360
318201090
460393737
333490777
358560231
228429390
164623108
458673948
183905833
91520298
271111998
302754526
208814637
39172416
85898368
125658015
58771420
204170986
157417446
134557407
467237533
256082468
324736563
341082864
87368024
408177727
158225511
280231376
275673985
487134786
208894311
379300827
371556107
379295296
447221764
363130374
67820684
366099370
177910708
377846372
374410492
158228167
406919275
99067780
474121269
398726750
142778482
194363224
458185019
294312857
237334670
284999205
480178678
131230849
313316727
452895133
396864960
162347029
62636965
406537625
323126794
77955114
336085993
442971866
447243035
381236451
90685910
117041359
473012120
276866599
192026365
190084380
306380837
310152117
39482243
101450801
105240834
312811064
171752849
108172847
139269520
372014454
40114802
187804642
190539221
255108309
238925416
199212844
76897061
441704924
66309669
414191021
300556690
362145923
371493283
258753943
69596096
26143416
419372629
498062352
256590363
386376142
448068476
334901830
385802827
44296520
422331835
383106849
166139672
358095677
277368525
406583681
35572396
338280614
386823318
206350302
150695046
27046516
468626412
63846613
75169299
297269742
66505910
42138822
247249359
25349784
231242457
253104403
250341338
325411913
194106534
139642302
129416809
131774075
451218195
472618261
283517408
257399310
123259210
305091083
151268432
377425747
178080685
259701292
101662441
208318532
358537912
78689310
112647574
409706718
269405786
313546523
149196946
186602395
300386007
458002759
333773991
62987994
284806651
103696069
337327061
88957688
82058359
191895692
291410405
205550132
65565558
52483763
189111577
332882739
290104351
431052460
382348408
175641983
134383724
53295373
27331892
359433455
419727359
305643610
36613968
195614229
225372640
165167627
387727849
325662096
393091267
427948194
294910572
422657603
304128404
489433394
357828988
268262974
93074334
256892675
154342749
21466151
349269473
117041300
355837743
386036719
476731208
362483691
139642576
344366033
212139647
106023647
433210631
402726451
477156743
453713123
38195201
371032960
148907596
303826422
236402007
462440881
161758118
269567657
179031915
94770427
205256597
132532823
181749062
186863404
123868530
77423492
203052961
496733522
244819081
455232813
464623841
362681014
296614362
332171101
40300356
145061554
176240205
293490518
61856720
487131650
490104452
490523798
495075317
115664248
77594938
22611754
273679309
279048396
102909620
425569221
297675692
48491243
44122059
234533045
70641909
194345843
263720728
431532065
313067509
445740444
262445527
197970843
33249443
177568058
189569040
220506916
82828250
164112081
162804759
126858911
159904764
184374905
324396953
304211363
161380297
154273305
125635637
209661981
166047227
216002267
192339035
423026440
360249228
243497787
422223664
444826353
51676082
94203484
21824219
309434457
176680417
477888487
22482902
252042410
254668038
488402110
68894550
200507957
185880747
123011522
190647713
293873326
113046833
339644100
481497952
110904599
251335885
215172319
421378264
268440551
332481604
92134822
375019940
25424077
382586611
210045848
216958420
367493207
342676630
419428665
411899339
453327403
67190225
71859271
249000856
309473694
396895155
224054009
233010972
24579444
183956823
40588974
231830724
321225078
122590905
339501641
54280618
135645788
134619411
425416410
463875230
298831974
159557249
26801030
461852256
238894837
368060751
418926922
461323904
131749103
449003000
138666618
122254986
204779638
350350044
440391118
418185238
43358870
188476222
99719831
40175867
247417325
57118486
47280111
124296955
38010563
165056887
218656657
476289331
216726776
335057438
48890831
161402940
75830822
476753872
299576283
490276683
57430836
268538693
75281351
436655413
217612083
34759533
89455677
55119440
382089848
37436648
152815528
469239161
430248962
285760660
488874290
79388400
124523905
77995123
385967357
85240765
334215395
144458337
127152434
35332298
482241074
168381246
207719113
181840651
351138147
131431397
374135129
97105526
292666864
488491523
370100460
419877227
313133234
332820667
489328473
362464674
208991864
43761945
285831125
212304990
189670068
344291222
367492039
163745582
322007606
170809158
437870939
158506195
414638266
357266572
154653774
313871969
225376987
430644711
412955649
124960637
41797320
137590745
239242492
158962142
322761203
59120946
369298238
426429503
216864207
59399976
417205501
442681678
298712127
327834453
359338404
98627192
204744536
428265245
327010891
29263362
397259454
327989852
468102492
63747665
335717871
419018893
166341805
214357142
99579058
262691561
377002980
299131011
492871808
89165138
468096307
210461043
225059171
254616056
373327888
346176140
25762840
66367669
386305224
288942137
140015221
143480703
89193794
318929167
136893213
401148126
167853059
45602743
254060451
421876608
185037982
275512248
210442143
242399689
60529673
226090055
453801242
419188350
285091283
419164821
377848102
94320396
177275335
409914790
373647097
146234203
110904439
496969200
326134308
314203175
357452551
195583803
23544395
311679667
80691172
213179107
101454902
412296878
429575940
422395927
25652333
22372202
278532689
144820125
138577519
246140073
453518475
241207006
461123949
138278908
488003275
249891871
22745872
490975627
66159935
435819602
225734616
474905273
41171618
234647906
354150893
123311734
111764273
414458120
423833249
257547715
99213693
111379104
314651827
169762818
356532900
369757252
314274180
251077343
231342712
391274452
270908728
388554955
410267792
168060781
443980910
389713040
283921073
313760298
120474154
489916926
58290740
183302467
442848048
310383270
376630015
163420506
102150231
233954431
206312441
263245955
33851705
462561031
317791517
261686501
80636417
344111356
437382163
123900316
260643500
212617860
193008263
127652056
224040529
265252220
312692587
80633594
441999134
139810419
195279045
162104535
272429110
470617459
222023646
375108875
284016936
372973461
247330871
61525819
310591874
253421617
174088379
117570331
100593542
132888489
66761773
302267076
290332825
152619386
402142243
260430165
96258559
295675311
152508312
220547133
105029453
204962672
181066972
309904538
327750592
467828613
200754298
483089852
300956464
139524062
307008623
25384002
73321202
125042802
208448482
76136229
469551495
137369008
408027431
389376454
337389844
322630118
266872960
303345169
37109812
433224443
496228550
178635343
309830587
397639088
398338271
198368617
76804240
117449265
462785792
328826581
271403193
263193405
499717218
167093269
187035550
335230783
499530839
163722560
418335699
104752789
104284552
406014610
444056596
27842320
485615633
250897720
433069962
368978857
121166698
494700622
431334604
439485854
148466096
171370120
98059787
484494265
337370506
255625905
440173143
335966909
408268409
259306964
213925551
381914971
177444779
283686732
487086614
182993139
354427963
209156278
130588520
287691776
435695070
479053777
223228672
407099330
219266425
133616586
319375353
425254297
57971414
382200594
376606942
314491352
165193977
182519477
454441875
85291296
87175656
147260679
217127698
82435211
438142356
59072248
161500125
151821909
387078631
118741588
196480561
29197449
103162736
170769321
77328209
83581774
122824547
51092478
86715610
436241232
417176404
257831201
210801491
380252040
428331318
71654545
334984593
393320583
258370513
169391784
138711779
88468771
89859863
28302079
298902342
227685536
386904038
290363201
317764588
128388107
314945948
352721765
422818013
255393358
194002233
465902354
69328110
454019068
235020407
39468915
368531427
42791689
266642136
129768452
402528007
201109627
215890521
328313171
496465238
248889450
149029790
213945184
301568571
149394669
94071191
420469375
155236873
30623845
184609746
366047916
274794912
149295517
127925982
49131976
321710397
60703232
207492733
360136244
117354653
137349408
142340349
258609886
375773508
471823815
168160728
327661728
111181997
170698837
280999127
497673629
211914011
486026641
343140072
214367827
309662890
72909979
245204245
253591165
402998457
311212553
351034162
146336732
400629095
368250768
456905253
475021668
401801785
125268089
218678666
247402649
45681684
282426022
212227460
278416723
414461605
386249194
171313611
49799372
89646514
438589330
111635514
116198225
123926272
29459892
143480271
407293635
59467728
161055130
420774540
383134363
464224667
83300285
179807039
212834295
402023824
392037936
114278558
135022587
466524067
69457162
107615783
445757469
103939546
74100390
121232901
484221918
261280065
210658867
185888042
119279643
209018862
330883836
158382110
120289721
482591719
401865311
243928930
74920026
269814264
39048820
377048826
74390439
439639932
442511532
25377756
300589548
306987882
74270287
30954214
198729641
133499305
92793137
128066789
165102634
89281606
127243599
335552879
146248807
424485184
145565895
192495441
410070740
378578544
124043193
421510016
285205361
123466102
169850234
320170511
139707866
265103010
206285543
